episode,length,time,reward,delta
0,17.0,0.0034219999997731065,-1.34,-1.0003927769582672
1,78.0,0.014117000000624103,-2.560000000000001,-0.9901957243610084
2,284.0,0.03739300000052026,-6.679999999999967,-0.9904271689911345
3,48.0,0.005666000000019267,-1.9600000000000004,-1.0007004409904587
4,68.0,0.008409000000028755,-2.3600000000000008,-0.9903551766837726
5,39.0,0.005823999999847729,-1.7800000000000002,-1.000932630292822
6,46.0,0.00602800000069692,-1.9200000000000004,-1.0005490392433862
7,52.0,0.0056370000002061715,-2.0400000000000005,-0.4950978621805042
8,100.0,0.01090199999998731,-3.0000000000000013,-1.0008275210254092
9,66.0,0.006693000000268512,-2.3200000000000007,-0.9902902922147708
10,79.0,0.012178999999377993,-2.580000000000001,-1.0002148897737841
11,37.0,0.0037830000001122244,-1.7400000000000002,-0.9900085235942259
12,35.0,0.0035470000002533197,-1.7000000000000002,-0.9852366674762875
13,101.0,0.01022700000066834,-3.0200000000000014,-0.9850341382613835
14,19.0,0.0020169999997960986,-1.3800000000000001,-1.0003547662673946
15,27.0,0.005196000000069034,-1.54,-0.9904812168396009
16,150.0,0.024578999999903317,-4.000000000000002,-1.0004866455545296
17,55.0,0.008418000000347092,-2.1000000000000005,-0.982509255702865
18,296.0,0.0467770000004748,-6.919999999999962,-0.9850015352930063
19,84.0,0.009804000000258384,-2.680000000000001,-0.4925007676465031
20,94.0,0.013632000000143307,-2.8800000000000012,-0.9825900387969521
21,82.0,0.011013000000275497,-2.640000000000001,-0.9813117701206608
22,99.0,0.010583999999653315,-2.9800000000000013,-1.0004781656339803
23,91.0,0.008910999999898195,-2.820000000000001,-1.000519683720282
24,184.0,0.023272000000361004,-4.680000000000003,-1.0002156209403028
25,163.0,0.016878999999789812,-4.2600000000000025,-1.0009413607699618
26,74.0,0.007531000000199128,-2.480000000000001,-0.9904904044312778
27,124.0,0.015980000000126893,-3.4800000000000018,-1.0002286694226534
28,31.0,0.0040309999994860846,-1.62,-1.000155060724894
29,214.0,0.021889999999984866,-5.279999999999997,-1.000785433270203
30,111.0,0.015795999999681953,-3.2200000000000015,-1.000625263877827
31,70.0,0.007203000000117754,-2.400000000000001,-0.9851586463981628
32,155.0,0.01655899999968824,-4.100000000000002,-0.990342581918855
33,52.0,0.00864499999988766,-2.0400000000000005,-0.985151825286936
34,175.0,0.017898999999488296,-4.500000000000003,-1.0007392175222503
35,122.0,0.01205500000014581,-3.4400000000000017,-1.0006585789148235
36,275.0,0.034421999999722175,-6.499999999999971,-1.0009137122524847
37,142.0,0.016595999999481137,-3.840000000000002,-1.0002513979024306
38,102.0,0.010500000000320142,-3.0400000000000014,-1.000636892823298
39,189.0,0.019554999999854772,-4.780000000000003,-1.0003195939288119
40,100.0,0.012899000000288652,-3.0000000000000013,-0.9806370308352387
41,63.0,0.00709999999980937,-2.2600000000000007,-0.9806273976957739
42,90.0,0.009090000000469445,-2.800000000000001,-0.9806324287665374
43,98.0,0.009928999999829102,-2.9600000000000013,-1.0006249279263042
44,185.0,0.024730999999519554,-4.700000000000003,-0.9852167368431892
45,77.0,0.008534999999938009,-2.540000000000001,-0.9901444426228307
46,260.0,0.0267680000006294,-6.199999999999977,-0.4926083684215946
47,121.0,0.01256699999976263,-3.4200000000000017,-0.9825371487354673
48,188.0,0.018998000000465254,-4.760000000000003,-1.000013794433965
49,39.0,0.004114000000299711,-1.7800000000000002,-0.5001773831336972
50,157.0,0.01533700000072713,-4.140000000000002,-1.000728604839449
51,346.0,0.03450700000030338,-7.91999999999994,-0.7362585345653458
52,373.0,0.03679000000011001,-8.45999999999993,-0.9800393126516984
53,234.0,0.03448200000002544,-5.679999999999988,-0.49524060841980044
54,190.0,0.02147300000069663,-4.8000000000000025,-1.00069831612251
55,157.0,0.02528000000074826,-4.140000000000002,-0.9825660673394916
56,142.0,0.024447000000691332,-3.840000000000002,-0.500470680384981
57,289.0,0.04347400000006019,-6.779999999999965,-1.0005639213722395
58,120.0,0.018533999999817752,-3.4000000000000017,-1.000915593338449
59,30.0,0.004311000000598142,-1.6,-0.5003292894574116
60,251.0,0.03861899999992602,-6.019999999999981,-0.9806494855238607
61,255.0,0.03872799999953713,-6.099999999999979,-0.9850167666400553
62,62.0,0.008464999999887368,-2.2400000000000007,-1.0002627966114375
63,359.0,0.06446299999970506,-8.179999999999936,-1.0001846907902456
64,476.0,0.06934299999920768,-10.519999999999886,-1.0000503491679806
65,145.0,0.022471000000223285,-3.900000000000002,-0.9901760703682508
66,393.0,0.061293999999179505,-8.859999999999921,-0.8587680553278538
67,336.0,0.05233700000007957,-7.719999999999945,-1.0002030534677484
68,15.0,0.0035120000002279994,-1.3,-0.7356475096992381
69,100.0,0.018245000000206346,-3.0000000000000013,-0.7400539052350757
70,500.0,0.08903800000007323,-10.019999999999875,-4.075724989777499e-05
71,148.0,0.029821000000083586,-3.960000000000002,-1.0009949336657904
72,110.0,0.015253999999913503,-3.2000000000000015,-0.4293840276639269
73,458.0,0.07464800000070682,-10.159999999999894,-1.000786622737209
74,49.0,0.010417999999845051,-1.9800000000000004,-0.9189103792087182
75,500.0,0.08356000000003405,-10.019999999999875,0.23994627755655398
76,233.0,0.02562099999977363,-5.659999999999989,-1.00086898477804
77,202.0,0.03522700000030454,-5.040000000000002,-1.000440939324186
78,500.0,0.08739799999966635,-10.019999999999875,-7.302144999776772e-14
79,286.0,0.04301899999973102,-6.719999999999966,-0.9901267998298181
80,250.0,0.034935000000587024,-5.999999999999981,-1.0009765582437098
81,218.0,0.0321460000004663,-5.359999999999995,-0.9852311581094402
82,230.0,0.0387670000000071,-5.59999999999999,-1.000044078973024
83,312.0,0.046873999999661464,-7.239999999999955,-1.0007019387503011
84,152.0,0.02471499999955995,-4.040000000000003,-0.7197275948021795
85,294.0,0.0461169999998674,-6.879999999999963,-0.35986379740108976
86,376.0,0.0611189999999624,-8.519999999999929,-1.0007586733549494
87,255.0,0.04357900000013615,-6.099999999999979,-0.985165935767891
88,119.0,0.01580400000057125,-3.3800000000000017,-1.0004718982567975
89,331.0,0.06394300000010844,-7.619999999999947,-1.00030754375287
90,374.0,0.057273000000350294,-8.47999999999993,-0.9901060611729076
91,361.0,0.04900699999961944,-8.219999999999935,-0.9851394776989313
92,426.0,0.05127199999969889,-9.519999999999907,-1.0006328180655022
93,442.0,0.0563640000000305,-9.8399999999999,-1.0005950171099696
94,320.0,0.051801999999952386,-7.3999999999999515,-0.9826082626542847
95,145.0,0.026189000000158558,-3.900000000000002,-1.0001243311864447
96,500.0,0.08066999999937252,-10.019999999999875,-3.469446951953614e-18
97,395.0,0.04709900000034395,-8.89999999999992,-1.0001633583536556
98,500.0,0.06323800000063784,-10.019999999999875,-3.469446951953614e-18
99,372.0,0.06127999999989697,-8.43999999999993,-0.9901502697588219
100,500.0,0.06432800000038696,-10.019999999999875,-1.2304343689761854e-09
101,453.0,0.05960999999933847,-10.059999999999896,-0.9850196721360568
102,275.0,0.039526999999907275,-6.499999999999971,-0.9904912003409702
103,500.0,0.07574699999986478,-10.019999999999875,-3.469446951953614e-18
104,288.0,0.03496099999938451,-6.759999999999965,-1.0001830773888014
105,235.0,0.02982499999961874,-5.699999999999988,-1.0001517011784917
106,159.0,0.01991699999962293,-4.180000000000002,-0.9825619761260964
107,466.0,0.057633000000350876,-10.31999999999989,-1.0000444995738003
108,271.0,0.04168200000003708,-6.419999999999972,-0.9806282719143069
109,500.0,0.08596700000089186,-10.019999999999875,-3.469446951953614e-18
110,313.0,0.05968899999970745,-7.2599999999999545,-1.0000227096359373
111,331.0,0.06466700000055425,-7.619999999999947,-0.9900542079641823
112,196.0,0.035518999999112566,-4.9200000000000035,-0.9825315091183036
113,500.0,0.08954300000004878,-10.019999999999875,-8.026711154527841e-05
114,500.0,0.0888730000006035,-10.019999999999875,-3.469446951953614e-18
115,500.0,0.08660099999997328,-10.019999999999875,-9.776687989102723e-06
116,500.0,0.07909300000028452,-10.019999999999875,-3.0439166812112894e-10
117,467.0,0.0774569999994128,-10.33999999999989,-1.000249188341973
118,233.0,0.03506699999979901,-5.659999999999989,-0.990011075919699
119,311.0,0.04588699999931123,-7.219999999999955,-0.8887794175240613
120,276.0,0.043396000000029744,-6.51999999999997,-1.00009183045807
121,258.0,0.02705100000002858,-6.159999999999978,-0.9900358726567378
122,500.0,0.07729300000028161,-10.019999999999875,-4.735795089416683e-15
123,500.0,0.06277999999929307,-10.019999999999875,-3.469446951953614e-18
124,358.0,0.04434000000037486,-8.159999999999936,-0.9851154271848227
125,500.0,0.07600499999989552,-10.019999999999875,-0.002510275943388436
126,215.0,0.03120799999942392,-5.299999999999996,-0.980020145230099
127,500.0,0.058789999999135034,-10.019999999999875,-3.469446951953614e-18
128,316.0,0.036903999999594816,-7.319999999999953,-0.9852254231878524
129,500.0,0.05650400000013178,-10.019999999999875,-3.469446951953614e-18
130,427.0,0.04723500000000058,-9.539999999999907,-0.44438970876203066
131,289.0,0.04500499999994645,-6.779999999999965,-0.9900342394685538
132,292.0,0.03579199999967386,-6.839999999999963,-0.982624826714247
133,500.0,0.05375800000001618,-10.019999999999875,-3.469446951953614e-18
134,273.0,0.040927000000010594,-6.4599999999999715,-1.0007756810562558
135,500.0,0.06412499999987631,-10.019999999999875,-3.100035055048078e-10
136,500.0,0.0792089999995369,-10.019999999999875,-3.469446951953614e-18
137,500.0,0.07375499999943713,-10.019999999999875,-3.469446951953614e-18
138,228.0,0.03659799999968527,-5.559999999999991,-0.9900102163398565
139,500.0,0.06979599999976926,-10.019999999999875,-3.469446951953614e-18
140,500.0,0.06843599999956496,-10.019999999999875,-3.469446951953614e-18
141,500.0,0.0806140000004234,-10.019999999999875,-3.469446951953614e-18
142,500.0,0.0951759999998103,-10.019999999999875,-3.469446951953614e-18
143,500.0,0.09558099999958358,-10.019999999999875,-2.473494880219501e-06
144,500.0,0.08312300000034156,-10.019999999999875,-0.005215385333606449
145,500.0,0.07451900000069145,-10.019999999999875,-3.469446951953614e-18
146,500.0,0.06658500000048662,-10.019999999999875,-3.469446951953614e-18
147,500.0,0.06691500000033557,-10.019999999999875,-3.469446951953614e-18
148,497.0,0.058329000000412634,-10.939999999999877,-0.9852325183896399
149,500.0,0.06988600000022416,-10.019999999999875,-3.469446951953614e-18
150,251.0,0.027418000000579923,-6.019999999999981,-0.37002695261753793
151,500.0,0.05891499999961525,-10.019999999999875,-3.469446951953614e-18
152,204.0,0.024605999999948835,-5.080000000000001,-0.9825022065875932
153,500.0,0.0652669999999489,-10.019999999999875,-3.469446951953614e-18
154,293.0,0.0425279999999475,-6.859999999999963,-0.9900132214344638
155,500.0,0.06380899999930989,-10.019999999999875,-3.469446951953614e-18
156,500.0,0.05911100000048464,-10.019999999999875,-3.469446951953614e-18
157,500.0,0.06619200000022829,-10.019999999999875,-3.469446951953614e-18
158,416.0,0.04576399999950809,-9.319999999999911,-1.0006599001291825
159,500.0,0.0634490000002188,-10.019999999999875,-3.469446951953614e-18
160,500.0,0.060085000000071886,-10.019999999999875,-3.469446951953614e-18
161,500.0,0.061388000000079046,-10.019999999999875,-3.469446951953614e-18
162,500.0,0.0745439999991504,-10.019999999999875,-3.469446951953614e-18
163,500.0,0.08449900000050548,-10.019999999999875,-3.469446951953614e-18
164,500.0,0.07297199999993609,-10.019999999999875,-3.469446951953614e-18
165,500.0,0.07587499999954161,-10.019999999999875,-3.469446951953614e-18
166,500.0,0.09418899999946007,-10.019999999999875,-3.469446951953614e-18
167,425.0,0.07288100000005215,-9.499999999999908,-1.000896078693009
168,500.0,0.0750159999997777,-10.019999999999875,-3.469446951953614e-18
169,500.0,0.06860599999981787,-10.019999999999875,-3.469446951953614e-18
170,500.0,0.07904799999960233,-10.019999999999875,-7.868179821221566e-08
171,500.0,0.08188400000017282,-10.019999999999875,-3.469446951953614e-18
172,280.0,0.042053000000123575,-6.599999999999969,-0.9806308490479682
173,500.0,0.07168600000022707,-10.019999999999875,-3.469446951953614e-18
174,471.0,0.07215399999950023,-10.419999999999888,-0.9800199460835876
175,500.0,0.0742950000003475,-10.019999999999875,-3.469446951953614e-18
176,414.0,0.07228699999996024,-9.279999999999912,-0.9801593512937229
177,500.0,0.07792200000039884,-10.019999999999875,-3.469446951953614e-18
178,500.0,0.08864100000027975,-10.019999999999875,-3.469446951953614e-18
179,500.0,0.06404400000064925,-10.019999999999875,-3.469446951953614e-18
180,500.0,0.07637100000010832,-10.019999999999875,-3.469446951953614e-18
181,329.0,0.054223000000092725,-7.579999999999948,-1.0001843405364372
182,423.0,0.0604139999995823,-9.459999999999908,-0.9901566755857986
183,500.0,0.06347900000037043,-10.019999999999875,-3.469446951953614e-18
184,500.0,0.0765930000006847,-10.019999999999875,-3.469446951953614e-18
185,500.0,0.06933699999990495,-10.019999999999875,-3.469446951953614e-18
186,500.0,0.07108400000015536,-10.019999999999875,-3.469446951953614e-18
187,219.0,0.025634999999965657,-5.379999999999995,-1.000574023891864
188,500.0,0.07417400000031193,-10.019999999999875,-3.469446951953614e-18
189,463.0,0.07346400000005815,-10.259999999999891,-0.9813005823885492
190,500.0,0.07069200000023557,-10.019999999999875,-3.469446951953614e-18
191,500.0,0.06357099999968341,-10.019999999999875,-2.3994999216736534e-09
192,500.0,0.05585900000005495,-10.019999999999875,-3.469446951953614e-18
193,500.0,0.05578400000013062,-10.019999999999875,-3.469446951953614e-18
194,500.0,0.0646150000002308,-10.019999999999875,-1.5226361838038827e-13
195,500.0,0.06430199999977049,-10.019999999999875,-1.208330154683912e-09
196,398.0,0.05153599999994185,-8.95999999999992,-0.990295177936377
197,500.0,0.06364700000085577,-10.019999999999875,-3.469446951953614e-18
198,500.0,0.08197700000073382,-10.019999999999875,-3.469446951953614e-18
199,500.0,0.07978000000002794,-10.019999999999875,-3.469446951953614e-18
200,500.0,0.07217000000036933,-10.019999999999875,-3.469446951953614e-18
201,500.0,0.07733099999950355,-10.019999999999875,-3.469446951953614e-18
202,500.0,0.09178700000029494,-10.019999999999875,-3.469446951953614e-18
203,500.0,0.07877299999927345,-10.019999999999875,-3.469446951953614e-18
204,500.0,0.08229399999981979,-10.019999999999875,-3.469446951953614e-18
205,500.0,0.08087799999975687,-10.019999999999875,-3.469446951953614e-18
206,500.0,0.06830600000012055,-10.019999999999875,-3.469446951953614e-18
207,500.0,0.08231999999952677,-10.019999999999875,-3.469446951953614e-18
208,500.0,0.08349200000066048,-10.019999999999875,-3.469446951953614e-18
209,500.0,0.08297499999935098,-10.019999999999875,-1.5815711508146424e-07
210,500.0,0.07978400000047259,-10.019999999999875,-3.469446951953614e-18
211,500.0,0.07310200000028999,-10.019999999999875,-3.469446951953614e-18
212,500.0,0.057330999999976484,-10.019999999999875,-3.469446951953614e-18
213,500.0,0.06738100000075065,-10.019999999999875,-3.469446951953614e-18
214,500.0,0.08009000000038213,-10.019999999999875,-3.469446951953614e-18
215,500.0,0.06539499999962572,-10.019999999999875,-1.2417477567028268e-09
216,500.0,0.06544500000018161,-10.019999999999875,-3.469446951953614e-18
217,500.0,0.0751669999999649,-10.019999999999875,-3.469446951953614e-18
218,500.0,0.07916899999963789,-10.019999999999875,-3.469446951953614e-18
219,500.0,0.0666270000001532,-10.019999999999875,-3.469446951953614e-18
220,500.0,0.06709099999989121,-10.019999999999875,-3.469446951953614e-18
221,500.0,0.05769299999974464,-10.019999999999875,-3.469446951953614e-18
222,500.0,0.06471800000053918,-10.019999999999875,-3.469446951953614e-18
223,500.0,0.06355799999982992,-10.019999999999875,-3.469446951953614e-18
224,500.0,0.06827500000053988,-10.019999999999875,-3.469446951953614e-18
225,500.0,0.06509099999948376,-10.019999999999875,-3.469446951953614e-18
226,500.0,0.08125199999994948,-10.019999999999875,-3.469446951953614e-18
227,500.0,0.0850430000000415,-10.019999999999875,-3.469446951953614e-18
228,500.0,0.08859399999982998,-10.019999999999875,-3.469446951953614e-18
229,500.0,0.08753600000000006,-10.019999999999875,-3.469446951953614e-18
230,500.0,0.08026700000027631,-10.019999999999875,-3.469446951953614e-18
231,500.0,0.07689200000004348,-10.019999999999875,-3.469446951953614e-18
232,500.0,0.08550400000058289,-10.019999999999875,-3.469446951953614e-18
233,500.0,0.08826099999987491,-10.019999999999875,-3.469446951953614e-18
234,500.0,0.08005000000048312,-10.019999999999875,-3.469446951953614e-18
235,500.0,0.08401899999989837,-10.019999999999875,-3.469446951953614e-18
236,500.0,0.08284099999946193,-10.019999999999875,-3.469446951953614e-18
237,500.0,0.08015700000032666,-10.019999999999875,-3.469446951953614e-18
238,500.0,0.08119099999930768,-10.019999999999875,-3.469446951953614e-18
239,500.0,0.0823660000005475,-10.019999999999875,-3.469446951953614e-18
240,500.0,0.07412399999975605,-10.019999999999875,-3.469446951953614e-18
241,500.0,0.09220300000015413,-10.019999999999875,-3.469446951953614e-18
242,500.0,0.05982600000061211,-10.019999999999875,-3.469446951953614e-18
243,500.0,0.07581300000038027,-10.019999999999875,-3.469446951953614e-18
244,500.0,0.07990800000061427,-10.019999999999875,-3.469446951953614e-18
245,500.0,0.06084999999984575,-10.019999999999875,-3.469446951953614e-18
246,500.0,0.08032100000036735,-10.019999999999875,-3.469446951953614e-18
247,500.0,0.07855500000005122,-10.019999999999875,-3.469446951953614e-18
248,500.0,0.08432900000025256,-10.019999999999875,-3.469446951953614e-18
249,500.0,0.08053599999948347,-10.019999999999875,-3.469446951953614e-18
250,500.0,0.0671199999997043,-10.019999999999875,-3.469446951953614e-18
251,500.0,0.06704799999988609,-10.019999999999875,-3.469446951953614e-18
252,500.0,0.06259700000009616,-10.019999999999875,-3.469446951953614e-18
253,500.0,0.05612499999915599,-10.019999999999875,-3.469446951953614e-18
254,500.0,0.07632100000046194,-10.019999999999875,-3.469446951953614e-18
255,500.0,0.08151999999972759,-10.019999999999875,-3.469446951953614e-18
256,500.0,0.0857079999996131,-10.019999999999875,-3.469446951953614e-18
257,500.0,0.060247000000345,-10.019999999999875,-3.469446951953614e-18
258,500.0,0.06601299999965704,-10.019999999999875,-3.469446951953614e-18
259,500.0,0.06623700000000099,-10.019999999999875,-3.469446951953614e-18
260,500.0,0.06227699999999459,-10.019999999999875,-3.469446951953614e-18
261,500.0,0.0646310000001904,-10.019999999999875,-3.469446951953614e-18
262,500.0,0.06425699999999779,-10.019999999999875,-3.469446951953614e-18
263,500.0,0.054307999999764434,-10.019999999999875,-3.469446951953614e-18
264,500.0,0.04236699999910343,-10.019999999999875,-3.469446951953614e-18
265,500.0,0.05609000000004016,-10.019999999999875,-3.469446951953614e-18
266,500.0,0.05987900000036461,-10.019999999999875,-3.469446951953614e-18
267,500.0,0.044167999999444874,-10.019999999999875,-3.469446951953614e-18
268,500.0,0.04968699999972159,-10.019999999999875,-3.469446951953614e-18
269,500.0,0.062014000000090164,-10.019999999999875,-3.469446951953614e-18
270,500.0,0.05954600000040955,-10.019999999999875,-3.469446951953614e-18
271,500.0,0.04298500000004424,-10.019999999999875,-3.469446951953614e-18
272,500.0,0.057753000000047905,-10.019999999999875,-3.469446951953614e-18
273,500.0,0.055178999999952794,-10.019999999999875,-3.469446951953614e-18
274,500.0,0.06229299999995419,-10.019999999999875,-3.469446951953614e-18
275,500.0,0.04542899999978545,-10.019999999999875,-3.469446951953614e-18
276,500.0,0.044721999999637774,-10.019999999999875,-3.469446951953614e-18
277,500.0,0.0462680000000546,-10.019999999999875,-3.469446951953614e-18
278,500.0,0.047000999999909254,-10.019999999999875,-3.469446951953614e-18
279,500.0,0.047602000000551925,-10.019999999999875,-3.469446951953614e-18
280,500.0,0.04568600000038714,-10.019999999999875,-3.469446951953614e-18
281,500.0,0.05015000000003056,-10.019999999999875,-3.469446951953614e-18
282,500.0,0.04410899999948015,-10.019999999999875,-3.469446951953614e-18
283,500.0,0.04441500000029919,-10.019999999999875,-3.469446951953614e-18
284,500.0,0.042088999999577936,-10.019999999999875,-3.469446951953614e-18
285,500.0,0.04059699999925215,-10.019999999999875,-3.469446951953614e-18
286,500.0,0.03821700000025885,-10.019999999999875,-3.469446951953614e-18
287,500.0,0.039839000000029046,-10.019999999999875,-3.469446951953614e-18
288,500.0,0.04038700000000972,-10.019999999999875,-3.469446951953614e-18
289,500.0,0.04631300000073679,-10.019999999999875,-3.469446951953614e-18
290,500.0,0.06401800000003277,-10.019999999999875,-3.469446951953614e-18
291,500.0,0.06526900000062597,-10.019999999999875,-3.469446951953614e-18
292,500.0,0.06757399999969493,-10.019999999999875,-3.469446951953614e-18
293,500.0,0.05713099999957194,-10.019999999999875,-3.469446951953614e-18
294,500.0,0.052969999999731954,-10.019999999999875,-3.469446951953614e-18
295,500.0,0.059940000000096916,-10.019999999999875,-3.469446951953614e-18
296,500.0,0.06779599999936181,-10.019999999999875,-3.469446951953614e-18
297,500.0,0.0641619999996692,-10.019999999999875,-3.469446951953614e-18
298,500.0,0.05122300000039104,-10.019999999999875,-3.469446951953614e-18
299,500.0,0.05323500000031345,-10.019999999999875,-3.469446951953614e-18
300,500.0,0.06037500000002183,-10.019999999999875,-3.469446951953614e-18
301,500.0,0.04654399999981251,-10.019999999999875,-3.469446951953614e-18
302,500.0,0.03852100000040082,-10.019999999999875,-3.469446951953614e-18
303,500.0,0.039174999999886495,-10.019999999999875,-3.469446951953614e-18
304,500.0,0.037040000000160944,-10.019999999999875,-3.469446951953614e-18
305,500.0,0.04006500000014057,-10.019999999999875,-3.469446951953614e-18
306,500.0,0.038363000000572356,-10.019999999999875,-3.469446951953614e-18
307,500.0,0.03988000000026659,-10.019999999999875,-3.469446951953614e-18
308,500.0,0.03787300000021787,-10.019999999999875,-3.469446951953614e-18
309,500.0,0.0409140000001571,-10.019999999999875,-3.469446951953614e-18
310,500.0,0.04836599999998725,-10.019999999999875,-3.469446951953614e-18
311,500.0,0.04168500000014319,-10.019999999999875,-3.469446951953614e-18
312,500.0,0.03882599999997183,-10.019999999999875,-3.469446951953614e-18
313,500.0,0.03799500000059197,-10.019999999999875,-3.469446951953614e-18
314,500.0,0.037387999999737076,-10.019999999999875,-3.469446951953614e-18
315,500.0,0.037607000000207336,-10.019999999999875,-3.469446951953614e-18
316,500.0,0.036880999999993946,-10.019999999999875,-3.469446951953614e-18
317,500.0,0.039174000000457454,-10.019999999999875,-3.469446951953614e-18
318,500.0,0.038532999999915774,-10.019999999999875,-3.469446951953614e-18
319,500.0,0.03677700000025652,-10.019999999999875,-3.469446951953614e-18
320,500.0,0.03896900000017922,-10.019999999999875,-3.469446951953614e-18
321,500.0,0.03676100000029692,-10.019999999999875,-3.469446951953614e-18
322,500.0,0.037432000000080734,-10.019999999999875,-3.469446951953614e-18
323,500.0,0.03719199999977718,-10.019999999999875,-3.469446951953614e-18
324,500.0,0.039449999999305874,-10.019999999999875,-3.469446951953614e-18
325,500.0,0.03984200000013516,-10.019999999999875,-3.469446951953614e-18
326,500.0,0.03659999999945285,-10.019999999999875,-3.469446951953614e-18
327,500.0,0.03772099999969214,-10.019999999999875,-3.469446951953614e-18
328,500.0,0.036391999999978,-10.019999999999875,-3.469446951953614e-18
329,500.0,0.0411629999998695,-10.019999999999875,-3.469446951953614e-18
330,500.0,0.059293999999681546,-10.019999999999875,-3.469446951953614e-18
331,500.0,0.05465399999957299,-10.019999999999875,-3.469446951953614e-18
332,500.0,0.05805700000018987,-10.019999999999875,-3.469446951953614e-18
333,500.0,0.0639949999995224,-10.019999999999875,-3.469446951953614e-18
334,500.0,0.057348999999703665,-10.019999999999875,-3.469446951953614e-18
335,500.0,0.061172000000624394,-10.019999999999875,-3.469446951953614e-18
336,500.0,0.06334500000048138,-10.019999999999875,-3.469446951953614e-18
337,500.0,0.06430200000067998,-10.019999999999875,-3.469446951953614e-18
338,500.0,0.06825400000070658,-10.019999999999875,-3.469446951953614e-18
339,500.0,0.06680599999981496,-10.019999999999875,-3.469446951953614e-18
340,500.0,0.060454000000390806,-10.019999999999875,-3.469446951953614e-18
341,500.0,0.06076200000006793,-10.019999999999875,-3.469446951953614e-18
342,500.0,0.06085799999982555,-10.019999999999875,-3.469446951953614e-18
343,500.0,0.04536000000007334,-10.019999999999875,-3.469446951953614e-18
344,500.0,0.06084000000009837,-10.019999999999875,-3.469446951953614e-18
345,500.0,0.054966000000604254,-10.019999999999875,-3.469446951953614e-18
346,500.0,0.045578000000205066,-10.019999999999875,-3.469446951953614e-18
347,500.0,0.07482600000003004,-10.019999999999875,-3.469446951953614e-18
348,500.0,0.07302600000002712,-10.019999999999875,-3.469446951953614e-18
349,500.0,0.07225900000048568,-10.019999999999875,-3.469446951953614e-18
350,500.0,0.04822200000035082,-10.019999999999875,-3.469446951953614e-18
351,500.0,0.050108999999793014,-10.019999999999875,-3.469446951953614e-18
352,500.0,0.053519000000051165,-10.019999999999875,-3.469446951953614e-18
353,500.0,0.04234900000028574,-10.019999999999875,-3.469446951953614e-18
354,500.0,0.04561199999989185,-10.019999999999875,-3.469446951953614e-18
355,500.0,0.041234999999687716,-10.019999999999875,-3.469446951953614e-18
356,500.0,0.041653999999653024,-10.019999999999875,-3.469446951953614e-18
357,500.0,0.0433549999997922,-10.019999999999875,-3.469446951953614e-18
358,500.0,0.04064299999936338,-10.019999999999875,-3.469446951953614e-18
359,500.0,0.058611000000382774,-10.019999999999875,-3.469446951953614e-18
360,500.0,0.06269299999985378,-10.019999999999875,-3.469446951953614e-18
361,500.0,0.055521999999655236,-10.019999999999875,-3.469446951953614e-18
362,500.0,0.06523400000060064,-10.019999999999875,-3.469446951953614e-18
363,500.0,0.06894300000021758,-10.019999999999875,-3.469446951953614e-18
364,500.0,0.056714000000283704,-10.019999999999875,-3.469446951953614e-18
365,500.0,0.050578000000314205,-10.019999999999875,-3.469446951953614e-18
366,500.0,0.053211999999803083,-10.019999999999875,-3.469446951953614e-18
367,500.0,0.04257499999948777,-10.019999999999875,-3.469446951953614e-18
368,500.0,0.04897499999970023,-10.019999999999875,-3.469446951953614e-18
369,500.0,0.053413999999975204,-10.019999999999875,-3.469446951953614e-18
370,500.0,0.06877499999973224,-10.019999999999875,-3.469446951953614e-18
371,500.0,0.05669899999975314,-10.019999999999875,-3.469446951953614e-18
372,500.0,0.03907299999991665,-10.019999999999875,-3.469446951953614e-18
373,500.0,0.04377699999986362,-10.019999999999875,-3.469446951953614e-18
374,500.0,0.0374919999994745,-10.019999999999875,-3.469446951953614e-18
375,500.0,0.05435200000010809,-10.019999999999875,-3.469446951953614e-18
376,500.0,0.06185699999969074,-10.019999999999875,-3.469446951953614e-18
377,500.0,0.06633099999999104,-10.019999999999875,-3.469446951953614e-18
378,500.0,0.06847500000003492,-10.019999999999875,-3.469446951953614e-18
379,500.0,0.06823499999973137,-10.019999999999875,-3.469446951953614e-18
380,500.0,0.07260099999984959,-10.019999999999875,-3.469446951953614e-18
381,500.0,0.06608200000027864,-10.019999999999875,-3.469446951953614e-18
382,500.0,0.07241599999997561,-10.019999999999875,-3.469446951953614e-18
383,500.0,0.07332600000063394,-10.019999999999875,-3.469446951953614e-18
384,500.0,0.060676000000057684,-10.019999999999875,-3.469446951953614e-18
385,500.0,0.05573800000001938,-10.019999999999875,-3.469446951953614e-18
386,500.0,0.048338999999941734,-10.019999999999875,-3.469446951953614e-18
387,500.0,0.039429999999811116,-10.019999999999875,-3.469446951953614e-18
388,500.0,0.04120500000044558,-10.019999999999875,-3.469446951953614e-18
389,500.0,0.03824099999928876,-10.019999999999875,-3.469446951953614e-18
390,500.0,0.04422000000067783,-10.019999999999875,-3.469446951953614e-18
391,500.0,0.03868899999997666,-10.019999999999875,-3.469446951953614e-18
392,500.0,0.04624799999965035,-10.019999999999875,-3.469446951953614e-18
393,500.0,0.038685999999870546,-10.019999999999875,-3.469446951953614e-18
394,500.0,0.037971000000652566,-10.019999999999875,-3.469446951953614e-18
395,500.0,0.037863999999899534,-10.019999999999875,-3.469446951953614e-18
396,500.0,0.037674000000151864,-10.019999999999875,-3.469446951953614e-18
397,500.0,0.03767599999991944,-10.019999999999875,-3.469446951953614e-18
398,500.0,0.03770200000053592,-10.019999999999875,-3.469446951953614e-18
399,500.0,0.037994000000253436,-10.019999999999875,-3.469446951953614e-18
400,500.0,0.037969999999404536,-10.019999999999875,-3.469446951953614e-18
401,500.0,0.03794500000003609,-10.019999999999875,-3.469446951953614e-18
402,500.0,0.03751399999964633,-10.019999999999875,-3.469446951953614e-18
403,500.0,0.037722000000030675,-10.019999999999875,-3.469446951953614e-18
404,500.0,0.037497000000257685,-10.019999999999875,-3.469446951953614e-18
405,500.0,0.03817299999991519,-10.019999999999875,-3.469446951953614e-18
406,500.0,0.04023600000073202,-10.019999999999875,-3.469446951953614e-18
407,500.0,0.037884000000303786,-10.019999999999875,-3.469446951953614e-18
408,500.0,0.038263999999799125,-10.019999999999875,-3.469446951953614e-18
409,500.0,0.03753899999992427,-10.019999999999875,-3.469446951953614e-18
410,500.0,0.0391380000000936,-10.019999999999875,-3.469446951953614e-18
411,500.0,0.03937500000029104,-10.019999999999875,-3.469446951953614e-18
412,500.0,0.054557000000386324,-10.019999999999875,-3.469446951953614e-18
413,500.0,0.06742000000031112,-10.019999999999875,-3.469446951953614e-18
414,500.0,0.06592799999998533,-10.019999999999875,-3.469446951953614e-18
415,500.0,0.06085499999971944,-10.019999999999875,-3.469446951953614e-18
416,500.0,0.06563200000073266,-10.019999999999875,-3.469446951953614e-18
417,500.0,0.07001299999956245,-10.019999999999875,-3.469446951953614e-18
418,500.0,0.07161700000051496,-10.019999999999875,-3.469446951953614e-18
419,500.0,0.07011099999999715,-10.019999999999875,-3.469446951953614e-18
420,500.0,0.054654999999911524,-10.019999999999875,-3.469446951953614e-18
421,500.0,0.050385999999889464,-10.019999999999875,-3.469446951953614e-18
422,500.0,0.05367699999987963,-10.019999999999875,-3.469446951953614e-18
423,500.0,0.04468600000018341,-10.019999999999875,-3.469446951953614e-18
424,500.0,0.03923800000029587,-10.019999999999875,-3.469446951953614e-18
425,500.0,0.03961200000048848,-10.019999999999875,-3.469446951953614e-18
426,500.0,0.03932700000041223,-10.019999999999875,-3.469446951953614e-18
427,500.0,0.0387959999998202,-10.019999999999875,-3.469446951953614e-18
428,500.0,0.038278999999420193,-10.019999999999875,-3.469446951953614e-18
429,500.0,0.04210699999930512,-10.019999999999875,-3.469446951953614e-18
430,500.0,0.04349699999966106,-10.019999999999875,-3.469446951953614e-18
431,500.0,0.06210399999963556,-10.019999999999875,-3.469446951953614e-18
432,500.0,0.04766600000039034,-10.019999999999875,-3.469446951953614e-18
433,500.0,0.0455019999999422,-10.019999999999875,-3.469446951953614e-18
434,500.0,0.04772099999991042,-10.019999999999875,-3.469446951953614e-18
435,500.0,0.033417999999983294,-10.019999999999875,-3.469446951953614e-18
436,500.0,0.041763999999602675,-10.019999999999875,-3.469446951953614e-18
437,500.0,0.04244199999993725,-10.019999999999875,-3.469446951953614e-18
438,500.0,0.041753999999855296,-10.019999999999875,-3.469446951953614e-18
439,500.0,0.044107000000622065,-10.019999999999875,-3.469446951953614e-18
440,500.0,0.046446999999716354,-10.019999999999875,-3.469446951953614e-18
441,500.0,0.05286100000012084,-10.019999999999875,-3.469446951953614e-18
442,500.0,0.04442000000017288,-10.019999999999875,-3.469446951953614e-18
443,500.0,0.04275199999938195,-10.019999999999875,-3.469446951953614e-18
444,500.0,0.04164500000024418,-10.019999999999875,-3.469446951953614e-18
445,500.0,0.05206400000042777,-10.019999999999875,-3.469446951953614e-18
446,500.0,0.048566000000391796,-10.019999999999875,-3.469446951953614e-18
447,500.0,0.05157599999984086,-10.019999999999875,-3.469446951953614e-18
448,500.0,0.058549000000311935,-10.019999999999875,-3.469446951953614e-18
449,500.0,0.05721700000049168,-10.019999999999875,-3.469446951953614e-18
450,500.0,0.06432700000004843,-10.019999999999875,-3.469446951953614e-18
451,500.0,0.06285600000046543,-10.019999999999875,-3.469446951953614e-18
452,500.0,0.0652749999999287,-10.019999999999875,-3.469446951953614e-18
453,500.0,0.0655110000006971,-10.019999999999875,-3.469446951953614e-18
454,500.0,0.06073500000002241,-10.019999999999875,-3.469446951953614e-18
455,500.0,0.06936200000018289,-10.019999999999875,-3.469446951953614e-18
456,500.0,0.06810099999984232,-10.019999999999875,-3.469446951953614e-18
457,500.0,0.06680500000038592,-10.019999999999875,-3.469446951953614e-18
458,500.0,0.05782199999976001,-10.019999999999875,-3.469446951953614e-18
459,500.0,0.05146799999965879,-10.019999999999875,-3.469446951953614e-18
460,500.0,0.05234999999993306,-10.019999999999875,-3.469446951953614e-18
461,500.0,0.06451599999945756,-10.019999999999875,-3.469446951953614e-18
462,500.0,0.07064400000035675,-10.019999999999875,-3.469446951953614e-18
463,500.0,0.0637299999998504,-10.019999999999875,-3.469446951953614e-18
464,500.0,0.05918400000064139,-10.019999999999875,-3.469446951953614e-18
465,500.0,0.06579899999996996,-10.019999999999875,-3.469446951953614e-18
466,500.0,0.06285300000035932,-10.019999999999875,-3.469446951953614e-18
467,500.0,0.0717480000002979,-10.019999999999875,-3.469446951953614e-18
468,500.0,0.061827000000448606,-10.019999999999875,-3.469446951953614e-18
469,500.0,0.07226399999944988,-10.019999999999875,-3.469446951953614e-18
470,500.0,0.06075799999962328,-10.019999999999875,-3.469446951953614e-18
471,500.0,0.06747399999949266,-10.019999999999875,-3.469446951953614e-18
472,500.0,0.0572359999996479,-10.019999999999875,-3.469446951953614e-18
473,500.0,0.07047899999997753,-10.019999999999875,-3.469446951953614e-18
474,500.0,0.06572499999947468,-10.019999999999875,-3.469446951953614e-18
475,500.0,0.05944900000031339,-10.019999999999875,-3.469446951953614e-18
476,500.0,0.07757799999944837,-10.019999999999875,-3.469446951953614e-18
477,500.0,0.07738000000063039,-10.019999999999875,-3.469446951953614e-18
478,500.0,0.07941800000025978,-10.019999999999875,-3.469446951953614e-18
479,500.0,0.08376099999986764,-10.019999999999875,-3.469446951953614e-18
480,500.0,0.08673799999996845,-10.019999999999875,-3.469446951953614e-18
481,500.0,0.08582400000068446,-10.019999999999875,-3.469446951953614e-18
482,500.0,0.0816130000002886,-10.019999999999875,-3.469446951953614e-18
483,500.0,0.08001100000001315,-10.019999999999875,-3.469446951953614e-18
484,500.0,0.06111199999941164,-10.019999999999875,-3.469446951953614e-18
485,500.0,0.06339799999932438,-10.019999999999875,-3.469446951953614e-18
486,500.0,0.06270999999924243,-10.019999999999875,-3.469446951953614e-18
487,500.0,0.061752000000524276,-10.019999999999875,-3.469446951953614e-18
488,500.0,0.06602199999997538,-10.019999999999875,-3.469446951953614e-18
489,500.0,0.054694999999810534,-10.019999999999875,-3.469446951953614e-18
490,500.0,0.06765900000027614,-10.019999999999875,-3.469446951953614e-18
491,500.0,0.05467099999987113,-10.019999999999875,-3.469446951953614e-18
492,500.0,0.05671100000017759,-10.019999999999875,-3.469446951953614e-18
493,500.0,0.05738999999994121,-10.019999999999875,-3.469446951953614e-18
494,500.0,0.06469900000047346,-10.019999999999875,-3.469446951953614e-18
495,500.0,0.05666000000019267,-10.019999999999875,-3.469446951953614e-18
496,500.0,0.05940299999929266,-10.019999999999875,-3.469446951953614e-18
497,500.0,0.06865399999969668,-10.019999999999875,-3.469446951953614e-18
498,500.0,0.06302700000014738,-10.019999999999875,-3.469446951953614e-18
499,500.0,0.07339800000045216,-10.019999999999875,-3.469446951953614e-18
500,500.0,0.08702799999991839,-10.019999999999875,-3.469446951953614e-18
501,500.0,0.08719399999972666,-10.019999999999875,-3.469446951953614e-18
502,500.0,0.07544299999972282,-10.019999999999875,-3.469446951953614e-18
503,500.0,0.08115600000019185,-10.019999999999875,-3.469446951953614e-18
504,500.0,0.0826520000000528,-10.019999999999875,-3.469446951953614e-18
505,500.0,0.08442899999954534,-10.019999999999875,-3.469446951953614e-18
506,500.0,0.07569599999987986,-10.019999999999875,-3.469446951953614e-18
507,500.0,0.08347700000012992,-10.019999999999875,-3.469446951953614e-18
508,500.0,0.0775549999998475,-10.019999999999875,-3.469446951953614e-18
509,500.0,0.07288499999958731,-10.019999999999875,-3.469446951953614e-18
510,500.0,0.07980000000043219,-10.019999999999875,-3.469446951953614e-18
511,500.0,0.0664280000000872,-10.019999999999875,-3.469446951953614e-18
512,500.0,0.07507299999997485,-10.019999999999875,-3.469446951953614e-18
513,500.0,0.05806200000006356,-10.019999999999875,-3.469446951953614e-18
514,500.0,0.07039700000041194,-10.019999999999875,-3.469446951953614e-18
515,500.0,0.0533530000002429,-10.019999999999875,-3.469446951953614e-18
516,500.0,0.07163900000068679,-10.019999999999875,-3.469446951953614e-18
517,500.0,0.06397600000036618,-10.019999999999875,-3.469446951953614e-18
518,500.0,0.0746579999995447,-10.019999999999875,-3.469446951953614e-18
519,500.0,0.06591000000025815,-10.019999999999875,-3.469446951953614e-18
520,500.0,0.055037999999512977,-10.019999999999875,-3.469446951953614e-18
521,500.0,0.07770499999969616,-10.019999999999875,-3.469446951953614e-18
522,500.0,0.07351100000050792,-10.019999999999875,-3.469446951953614e-18
523,500.0,0.08229500000015832,-10.019999999999875,-3.469446951953614e-18
524,500.0,0.08404700000028242,-10.019999999999875,-3.469446951953614e-18
525,500.0,0.07529100000010658,-10.019999999999875,-3.469446951953614e-18
526,500.0,0.08238600000004226,-10.019999999999875,-3.469446951953614e-18
527,500.0,0.0830550000000585,-10.019999999999875,-3.469446951953614e-18
528,500.0,0.07548899999983405,-10.019999999999875,-3.469446951953614e-18
529,500.0,0.09140999999999622,-10.019999999999875,-3.469446951953614e-18
530,500.0,0.07830500000000029,-10.019999999999875,-3.469446951953614e-18
531,500.0,0.07346400000005815,-10.019999999999875,-3.469446951953614e-18
532,500.0,0.07832399999915651,-10.019999999999875,-3.469446951953614e-18
533,500.0,0.06744700000035664,-10.019999999999875,-3.469446951953614e-18
534,500.0,0.08817900000030932,-10.019999999999875,-3.469446951953614e-18
535,500.0,0.08436799999981304,-10.019999999999875,-3.469446951953614e-18
536,500.0,0.07838099999935366,-10.019999999999875,-3.469446951953614e-18
537,500.0,0.07015300000057323,-10.019999999999875,-3.469446951953614e-18
538,500.0,0.07353799999964394,-10.019999999999875,-3.469446951953614e-18
539,500.0,0.05423900000005233,-10.019999999999875,-3.469446951953614e-18
540,500.0,0.05487199999970471,-10.019999999999875,-3.469446951953614e-18
541,500.0,0.057872999999744934,-10.019999999999875,-3.469446951953614e-18
542,500.0,0.07310200000028999,-10.019999999999875,-3.469446951953614e-18
543,500.0,0.07879200000024866,-10.019999999999875,-3.469446951953614e-18
544,500.0,0.08208199999990029,-10.019999999999875,-3.469446951953614e-18
545,500.0,0.0756680000004053,-10.019999999999875,-3.469446951953614e-18
546,500.0,0.07811799999944924,-10.019999999999875,-3.469446951953614e-18
547,500.0,0.0747879999998986,-10.019999999999875,-3.469446951953614e-18
548,500.0,0.09109400000033929,-10.019999999999875,-3.469446951953614e-18
549,500.0,0.079583000000639,-10.019999999999875,-3.469446951953614e-18
550,500.0,0.06993899999997666,-10.019999999999875,-3.469446951953614e-18
551,500.0,0.06984100000045146,-10.019999999999875,-3.469446951953614e-18
552,500.0,0.08806600000025355,-10.019999999999875,-3.469446951953614e-18
553,500.0,0.08256900000014866,-10.019999999999875,-3.469446951953614e-18
554,500.0,0.08036399999946298,-10.019999999999875,-3.469446951953614e-18
555,500.0,0.08793799999966723,-10.019999999999875,-3.469446951953614e-18
556,500.0,0.0826969999998255,-10.019999999999875,-3.469446951953614e-18
557,500.0,0.08007399999951303,-10.019999999999875,-3.469446951953614e-18
558,500.0,0.0831770000004326,-10.019999999999875,-3.469446951953614e-18
559,500.0,0.0805129999998826,-10.019999999999875,-3.469446951953614e-18
560,500.0,0.061133999999583466,-10.019999999999875,-3.469446951953614e-18
561,500.0,0.08230199999979959,-10.019999999999875,-3.469446951953614e-18
562,500.0,0.07547800000065763,-10.019999999999875,-3.469446951953614e-18
563,500.0,0.05996499999946536,-10.019999999999875,-3.469446951953614e-18
564,500.0,0.06863900000007561,-10.019999999999875,-3.469446951953614e-18
565,500.0,0.061028000000078464,-10.019999999999875,-3.469446951953614e-18
566,500.0,0.06235599999945407,-10.019999999999875,-3.469446951953614e-18
567,500.0,0.0770940000002156,-10.019999999999875,-3.469446951953614e-18
568,500.0,0.06954200000018318,-10.019999999999875,-3.469446951953614e-18
569,500.0,0.059443000000101165,-10.019999999999875,-3.469446951953614e-18
570,500.0,0.06254699999954028,-10.019999999999875,-3.469446951953614e-18
571,500.0,0.06868699999995442,-10.019999999999875,-3.469446951953614e-18
572,500.0,0.05859099999997852,-10.019999999999875,-3.469446951953614e-18
573,500.0,0.06488199999967037,-10.019999999999875,-3.469446951953614e-18
574,500.0,0.0789519999998447,-10.019999999999875,-3.469446951953614e-18
575,500.0,0.059645000000273285,-10.019999999999875,-3.469446951953614e-18
576,500.0,0.08116599999993923,-10.019999999999875,-3.469446951953614e-18
577,500.0,0.07838400000036927,-10.019999999999875,-3.469446951953614e-18
578,500.0,0.07924300000013318,-10.019999999999875,-3.469446951953614e-18
579,500.0,0.09033999999974185,-10.019999999999875,-3.469446951953614e-18
580,500.0,0.08120699999926728,-10.019999999999875,-3.469446951953614e-18
581,500.0,0.09457199999997101,-10.019999999999875,-3.469446951953614e-18
582,500.0,0.09278699999958917,-10.019999999999875,-3.469446951953614e-18
583,500.0,0.08027900000070076,-10.019999999999875,-3.469446951953614e-18
584,500.0,0.07234499999958643,-10.019999999999875,-3.469446951953614e-18
585,500.0,0.06663000000025932,-10.019999999999875,-3.469446951953614e-18
586,500.0,0.060970999999881315,-10.019999999999875,-3.469446951953614e-18
587,500.0,0.06038799999987532,-10.019999999999875,-3.469446951953614e-18
588,500.0,0.061850000000049477,-10.019999999999875,-3.469446951953614e-18
589,500.0,0.066700999999739,-10.019999999999875,-3.469446951953614e-18
590,500.0,0.060199999999895226,-10.019999999999875,-3.469446951953614e-18
591,500.0,0.05802899999980582,-10.019999999999875,-3.469446951953614e-18
592,500.0,0.0672469999999521,-10.019999999999875,-3.469446951953614e-18
593,500.0,0.07025499999963358,-10.019999999999875,-3.469446951953614e-18
594,500.0,0.06557500000053551,-10.019999999999875,-3.469446951953614e-18
595,500.0,0.059830999999576306,-10.019999999999875,-3.469446951953614e-18
596,500.0,0.07074800000009418,-10.019999999999875,-3.469446951953614e-18
597,500.0,0.05562299999928655,-10.019999999999875,-3.469446951953614e-18
598,500.0,0.061397999999826425,-10.019999999999875,-3.469446951953614e-18
599,500.0,0.089350000000195,-10.019999999999875,-3.469446951953614e-18
600,500.0,0.07844099999965692,-10.019999999999875,-3.469446951953614e-18
601,500.0,0.07697699999971519,-10.019999999999875,-3.469446951953614e-18
602,500.0,0.07036599999992177,-10.019999999999875,-3.469446951953614e-18
603,500.0,0.07364899999993213,-10.019999999999875,-3.469446951953614e-18
604,500.0,0.07060999999976048,-10.019999999999875,-3.469446951953614e-18
605,500.0,0.08374599999933707,-10.019999999999875,-3.469446951953614e-18
606,500.0,0.08151899999938905,-10.019999999999875,-3.469446951953614e-18
607,500.0,0.0861190000005081,-10.019999999999875,-3.469446951953614e-18
608,500.0,0.07599300000038056,-10.019999999999875,-3.469446951953614e-18
609,500.0,0.06924499999968248,-10.019999999999875,-3.469446951953614e-18
610,500.0,0.07149200000003475,-10.019999999999875,-3.469446951953614e-18
611,500.0,0.0591180000001259,-10.019999999999875,-3.469446951953614e-18
612,500.0,0.0598150000005262,-10.019999999999875,-3.469446951953614e-18
613,500.0,0.06110499999977037,-10.019999999999875,-3.469446951953614e-18
614,500.0,0.05573800000001938,-10.019999999999875,-3.469446951953614e-18
615,500.0,0.05464399999982561,-10.019999999999875,-3.469446951953614e-18
616,500.0,0.05256699999972625,-10.019999999999875,-3.469446951953614e-18
617,500.0,0.050271000000066124,-10.019999999999875,-3.469446951953614e-18
618,500.0,0.05221200000050885,-10.019999999999875,-3.469446951953614e-18
619,500.0,0.05543000000034226,-10.019999999999875,-3.469446951953614e-18
620,500.0,0.05002700000022742,-10.019999999999875,-3.469446951953614e-18
621,500.0,0.050450000000637374,-10.019999999999875,-3.469446951953614e-18
622,500.0,0.0523510000002716,-10.019999999999875,-3.469446951953614e-18
623,500.0,0.051182000000153494,-10.019999999999875,-3.469446951953614e-18
624,500.0,0.05109499999980471,-10.019999999999875,-3.469446951953614e-18
625,500.0,0.05341899999984889,-10.019999999999875,-3.469446951953614e-18
626,500.0,0.07188700000006065,-10.019999999999875,-3.469446951953614e-18
627,500.0,0.0877279999995153,-10.019999999999875,-3.469446951953614e-18
628,500.0,0.07674899999983609,-10.019999999999875,-3.469446951953614e-18
629,500.0,0.07779599999958009,-10.019999999999875,-3.469446951953614e-18
630,500.0,0.07581699999991542,-10.019999999999875,-3.469446951953614e-18
631,500.0,0.09719399999994494,-10.019999999999875,-3.469446951953614e-18
632,500.0,0.08531999999922846,-10.019999999999875,-3.469446951953614e-18
633,500.0,0.08334300000024086,-10.019999999999875,-3.469446951953614e-18
634,500.0,0.07588299999952142,-10.019999999999875,-3.469446951953614e-18
635,500.0,0.05889599999954953,-10.019999999999875,-3.469446951953614e-18
636,500.0,0.07098599999972066,-10.019999999999875,-3.469446951953614e-18
637,500.0,0.05548499999986234,-10.019999999999875,-3.469446951953614e-18
638,500.0,0.05601600000045437,-10.019999999999875,-3.469446951953614e-18
639,500.0,0.060516000000461645,-10.019999999999875,-3.469446951953614e-18
640,500.0,0.060901999999259715,-10.019999999999875,-3.469446951953614e-18
641,500.0,0.0799219999998968,-10.019999999999875,-3.469446951953614e-18
642,500.0,0.05612300000029791,-10.019999999999875,-3.469446951953614e-18
643,500.0,0.06936099999984435,-10.019999999999875,-3.469446951953614e-18
644,500.0,0.06053100000008271,-10.019999999999875,-3.469446951953614e-18
645,500.0,0.06290100000023813,-10.019999999999875,-3.469446951953614e-18
646,500.0,0.06389400000080059,-10.019999999999875,-3.469446951953614e-18
647,500.0,0.0589350000000195,-10.019999999999875,-3.469446951953614e-18
648,500.0,0.07390899999973044,-10.019999999999875,-3.469446951953614e-18
649,500.0,0.05212000000028638,-10.019999999999875,-3.469446951953614e-18
650,500.0,0.07989199999974517,-10.019999999999875,-3.469446951953614e-18
651,500.0,0.0706529999997656,-10.019999999999875,-3.469446951953614e-18
652,500.0,0.07228100000065751,-10.019999999999875,-3.469446951953614e-18
653,500.0,0.0843429999995351,-10.019999999999875,-3.469446951953614e-18
654,500.0,0.0744219999996858,-10.019999999999875,-3.469446951953614e-18
655,500.0,0.06429100000059407,-10.019999999999875,-3.469446951953614e-18
656,500.0,0.07508700000016688,-10.019999999999875,-3.469446951953614e-18
657,500.0,0.06269799999972747,-10.019999999999875,-3.469446951953614e-18
658,500.0,0.05214999999952852,-10.019999999999875,-3.469446951953614e-18
659,500.0,0.07349599999997736,-10.019999999999875,-3.469446951953614e-18
660,500.0,0.06148300000040763,-10.019999999999875,-3.469446951953614e-18
661,500.0,0.05562999999983731,-10.019999999999875,-3.469446951953614e-18
662,500.0,0.061577999999826716,-10.019999999999875,-3.469446951953614e-18
663,500.0,0.05117100000006758,-10.019999999999875,-3.469446951953614e-18
664,500.0,0.05011999999987893,-10.019999999999875,-3.469446951953614e-18
665,500.0,0.045420000000376604,-10.019999999999875,-3.469446951953614e-18
666,500.0,0.03426300000046467,-10.019999999999875,-3.469446951953614e-18
667,500.0,0.030934000000343076,-10.019999999999875,-3.469446951953614e-18
668,500.0,0.039271999999982654,-10.019999999999875,-3.469446951953614e-18
669,500.0,0.033832999999503954,-10.019999999999875,-3.469446951953614e-18
670,500.0,0.03506500000003143,-10.019999999999875,-3.469446951953614e-18
671,500.0,0.03561400000035064,-10.019999999999875,-3.469446951953614e-18
672,500.0,0.03444599999966158,-10.019999999999875,-3.469446951953614e-18
673,500.0,0.03512600000067323,-10.019999999999875,-3.469446951953614e-18
674,500.0,0.035147999999935564,-10.019999999999875,-3.469446951953614e-18
675,500.0,0.03479700000025332,-10.019999999999875,-3.469446951953614e-18
676,500.0,0.03564600000026985,-10.019999999999875,-3.469446951953614e-18
677,500.0,0.043251999999483814,-10.019999999999875,-3.469446951953614e-18
678,500.0,0.05258899999989808,-10.019999999999875,-3.469446951953614e-18
679,500.0,0.04600399999981164,-10.019999999999875,-3.469446951953614e-18
680,500.0,0.03272700000070472,-10.019999999999875,-3.469446951953614e-18
681,500.0,0.03611499999988155,-10.019999999999875,-3.469446951953614e-18
682,500.0,0.035502000000633416,-10.019999999999875,-3.469446951953614e-18
683,500.0,0.035627000000204134,-10.019999999999875,-3.469446951953614e-18
684,500.0,0.05447400000048219,-10.019999999999875,-3.469446951953614e-18
685,500.0,0.06490900000062538,-10.019999999999875,-3.469446951953614e-18
686,500.0,0.06246899999950983,-10.019999999999875,-3.469446951953614e-18
687,500.0,0.06859400000030291,-10.019999999999875,-3.469446951953614e-18
688,500.0,0.06557400000019697,-10.019999999999875,-3.469446951953614e-18
689,500.0,0.06390699999974458,-10.019999999999875,-3.469446951953614e-18
690,500.0,0.06591800000023795,-10.019999999999875,-3.469446951953614e-18
691,500.0,0.05931299999974726,-10.019999999999875,-3.469446951953614e-18
692,500.0,0.047814999999900465,-10.019999999999875,-3.469446951953614e-18
693,500.0,0.03685899999982212,-10.019999999999875,-3.469446951953614e-18
694,500.0,0.036842999999862514,-10.019999999999875,-3.469446951953614e-18
695,500.0,0.0496819999998479,-10.019999999999875,-3.469446951953614e-18
696,500.0,0.036600999999791384,-10.019999999999875,-3.469446951953614e-18
697,500.0,0.037008000000241736,-10.019999999999875,-3.469446951953614e-18
698,500.0,0.03953499999988708,-10.019999999999875,-3.469446951953614e-18
699,500.0,0.03697600000032253,-10.019999999999875,-3.469446951953614e-18
700,500.0,0.03908000000046741,-10.019999999999875,-3.469446951953614e-18
701,500.0,0.03730300000006537,-10.019999999999875,-3.469446951953614e-18
702,500.0,0.03614800000013929,-10.019999999999875,-3.469446951953614e-18
703,500.0,0.037928000000647444,-10.019999999999875,-3.469446951953614e-18
704,500.0,0.035882999999557796,-10.019999999999875,-3.469446951953614e-18
705,500.0,0.037761999999929685,-10.019999999999875,-3.469446951953614e-18
706,500.0,0.03663299999971059,-10.019999999999875,-3.469446951953614e-18
707,500.0,0.03608000000076572,-10.019999999999875,-3.469446951953614e-18
708,500.0,0.03730600000017148,-10.019999999999875,-3.469446951953614e-18
709,500.0,0.03735099999994418,-10.019999999999875,-3.469446951953614e-18
710,500.0,0.04312200000003941,-10.019999999999875,-3.469446951953614e-18
711,500.0,0.041491999999379914,-10.019999999999875,-3.469446951953614e-18
712,500.0,0.03954799999974057,-10.019999999999875,-3.469446951953614e-18
713,500.0,0.0435910000005606,-10.019999999999875,-3.469446951953614e-18
714,500.0,0.03833699999995588,-10.019999999999875,-3.469446951953614e-18
715,500.0,0.036291999999775726,-10.019999999999875,-3.469446951953614e-18
716,500.0,0.03683100000034756,-10.019999999999875,-3.469446951953614e-18
717,500.0,0.03720900000007532,-10.019999999999875,-3.469446951953614e-18
718,500.0,0.0358619999997245,-10.019999999999875,-3.469446951953614e-18
719,500.0,0.03819999999996071,-10.019999999999875,-3.469446951953614e-18
720,500.0,0.036746999999195396,-10.019999999999875,-3.469446951953614e-18
721,500.0,0.03637099999923521,-10.019999999999875,-3.469446951953614e-18
722,500.0,0.03694699999959994,-10.019999999999875,-3.469446951953614e-18
723,500.0,0.036995999999817286,-10.019999999999875,-3.469446951953614e-18
724,500.0,0.04891200000020035,-10.019999999999875,-3.469446951953614e-18
725,500.0,0.06356500000038068,-10.019999999999875,-3.469446951953614e-18
726,500.0,0.06872600000042439,-10.019999999999875,-3.469446951953614e-18
727,500.0,0.0631359999997585,-10.019999999999875,-3.469446951953614e-18
728,500.0,0.0718670000005659,-10.019999999999875,-3.469446951953614e-18
729,500.0,0.06492600000001403,-10.019999999999875,-3.469446951953614e-18
730,500.0,0.06866900000022724,-10.019999999999875,-3.469446951953614e-18
731,500.0,0.06581800000003568,-10.019999999999875,-3.469446951953614e-18
732,500.0,0.0716389999997773,-10.019999999999875,-3.469446951953614e-18
733,500.0,0.06014299999969808,-10.019999999999875,-3.469446951953614e-18
734,500.0,0.05200500000046304,-10.019999999999875,-3.469446951953614e-18
735,500.0,0.0639259999998103,-10.019999999999875,-3.469446951953614e-18
736,500.0,0.05132899999989604,-10.019999999999875,-3.469446951953614e-18
737,500.0,0.06382900000062364,-10.019999999999875,-3.469446951953614e-18
738,500.0,0.05396200000086537,-10.019999999999875,-3.469446951953614e-18
739,500.0,0.048616000000038184,-10.019999999999875,-3.469446951953614e-18
740,500.0,0.05448900000010326,-10.019999999999875,-3.469446951953614e-18
741,500.0,0.046102000000246335,-10.019999999999875,-3.469446951953614e-18
742,500.0,0.04399499999999534,-10.019999999999875,-3.469446951953614e-18
743,500.0,0.04285799999979645,-10.019999999999875,-3.469446951953614e-18
744,500.0,0.043835000000399305,-10.019999999999875,-3.469446951953614e-18
745,500.0,0.04376799999954528,-10.019999999999875,-3.469446951953614e-18
746,500.0,0.041990000000623695,-10.019999999999875,-3.469446951953614e-18
747,500.0,0.043426000000181375,-10.019999999999875,-3.469446951953614e-18
748,500.0,0.040707999999540334,-10.019999999999875,-3.469446951953614e-18
749,500.0,0.05380700000023353,-10.019999999999875,-3.469446951953614e-18
750,500.0,0.0630250000003798,-10.019999999999875,-3.469446951953614e-18
751,500.0,0.05110500000046159,-10.019999999999875,-3.469446951953614e-18
752,500.0,0.058320000000094296,-10.019999999999875,-3.469446951953614e-18
753,500.0,0.058022999999593594,-10.019999999999875,-3.469446951953614e-18
754,500.0,0.05662600000050588,-10.019999999999875,-3.469446951953614e-18
755,500.0,0.053087000000232365,-10.019999999999875,-3.469446951953614e-18
756,500.0,0.05896200000006502,-10.019999999999875,-3.469446951953614e-18
757,500.0,0.0678699999998571,-10.019999999999875,-3.469446951953614e-18
758,500.0,0.0672949999998309,-10.019999999999875,-3.469446951953614e-18
759,500.0,0.06773799999973562,-10.019999999999875,-3.469446951953614e-18
760,500.0,0.07286599999952159,-10.019999999999875,-3.469446951953614e-18
761,500.0,0.07014899999921909,-10.019999999999875,-3.469446951953614e-18
762,500.0,0.07046199999967939,-10.019999999999875,-3.469446951953614e-18
763,500.0,0.06196899999940797,-10.019999999999875,-3.469446951953614e-18
764,500.0,0.0678779999998369,-10.019999999999875,-3.469446951953614e-18
765,500.0,0.04794800000036048,-10.019999999999875,-3.469446951953614e-18
766,500.0,0.054694999999810534,-10.019999999999875,-3.469446951953614e-18
767,500.0,0.05746199999975943,-10.019999999999875,-3.469446951953614e-18
768,500.0,0.048553999999967346,-10.019999999999875,-3.469446951953614e-18
769,500.0,0.0685540000004039,-10.019999999999875,-3.469446951953614e-18
770,500.0,0.0599900000006528,-10.019999999999875,-3.469446951953614e-18
771,500.0,0.04124099999989994,-10.019999999999875,-3.469446951953614e-18
772,500.0,0.05022400000052585,-10.019999999999875,-3.469446951953614e-18
773,500.0,0.050283000000490574,-10.019999999999875,-3.469446951953614e-18
774,500.0,0.06484200000068086,-10.019999999999875,-3.469446951953614e-18
775,500.0,0.04965699999956996,-10.019999999999875,-3.469446951953614e-18
776,500.0,0.06370100000003731,-10.019999999999875,-3.469446951953614e-18
777,500.0,0.06326200000057725,-10.019999999999875,-3.469446951953614e-18
778,500.0,0.060903999999936786,-10.019999999999875,-3.469446951953614e-18
779,500.0,0.05042100000082428,-10.019999999999875,-3.469446951953614e-18
780,500.0,0.04452099999980419,-10.019999999999875,-3.469446951953614e-18
781,500.0,0.04371999999966647,-10.019999999999875,-3.469446951953614e-18
782,500.0,0.052964999999858264,-10.019999999999875,-3.469446951953614e-18
783,500.0,0.04183000000011816,-10.019999999999875,-3.469446951953614e-18
784,500.0,0.05985099999998056,-10.019999999999875,-3.469446951953614e-18
785,500.0,0.06396700000004785,-10.019999999999875,-3.469446951953614e-18
786,500.0,0.07202999999935855,-10.019999999999875,-3.469446951953614e-18
787,500.0,0.06715799999983574,-10.019999999999875,-3.469446951953614e-18
788,500.0,0.0695080000004964,-10.019999999999875,-3.469446951953614e-18
789,500.0,0.06631400000060239,-10.019999999999875,-3.469446951953614e-18
790,500.0,0.0707010000005539,-10.019999999999875,-3.469446951953614e-18
791,500.0,0.065534999999727,-10.019999999999875,-3.469446951953614e-18
792,500.0,0.060134999999718275,-10.019999999999875,-3.469446951953614e-18
793,500.0,0.06546100000014121,-10.019999999999875,-3.469446951953614e-18
794,500.0,0.06401300000015908,-10.019999999999875,-3.469446951953614e-18
795,500.0,0.051269000000502274,-10.019999999999875,-3.469446951953614e-18
796,500.0,0.04802599999948143,-10.019999999999875,-3.469446951953614e-18
797,500.0,0.053985999999895284,-10.019999999999875,-3.469446951953614e-18
798,500.0,0.07451300000047922,-10.019999999999875,-3.469446951953614e-18
799,500.0,0.05330899999989924,-10.019999999999875,-3.469446951953614e-18
800,500.0,0.06075799999962328,-10.019999999999875,-3.469446951953614e-18
801,500.0,0.05957399999988411,-10.019999999999875,-3.469446951953614e-18
802,500.0,0.0664280000000872,-10.019999999999875,-3.469446951953614e-18
803,500.0,0.07923199999913777,-10.019999999999875,-3.469446951953614e-18
804,500.0,0.07526099999995495,-10.019999999999875,-3.469446951953614e-18
805,500.0,0.0689700000002631,-10.019999999999875,-3.469446951953614e-18
806,500.0,0.06131600000026083,-10.019999999999875,-3.469446951953614e-18
807,500.0,0.06356599999980972,-10.019999999999875,-3.469446951953614e-18
808,500.0,0.07414100000005419,-10.019999999999875,-3.469446951953614e-18
809,500.0,0.07070999999996275,-10.019999999999875,-3.469446951953614e-18
810,500.0,0.05890899999940302,-10.019999999999875,-3.469446951953614e-18
811,500.0,0.060890000000654254,-10.019999999999875,-3.469446951953614e-18
812,500.0,0.07288900000003196,-10.019999999999875,-3.469446951953614e-18
813,500.0,0.07832299999972747,-10.019999999999875,-3.469446951953614e-18
814,500.0,0.054407000000537664,-10.019999999999875,-3.469446951953614e-18
815,500.0,0.07055700000000797,-10.019999999999875,-3.469446951953614e-18
816,500.0,0.06831299999976181,-10.019999999999875,-3.469446951953614e-18
817,500.0,0.0639549999996234,-10.019999999999875,-3.469446951953614e-18
818,500.0,0.0673930000002656,-10.019999999999875,-3.469446951953614e-18
819,500.0,0.08124800000041432,-10.019999999999875,-3.469446951953614e-18
820,500.0,0.06393500000012864,-10.019999999999875,-3.469446951953614e-18
821,500.0,0.07782399999996414,-10.019999999999875,-3.469446951953614e-18
822,500.0,0.06803200000013021,-10.019999999999875,-3.469446951953614e-18
823,500.0,0.07692899999983638,-10.019999999999875,-3.469446951953614e-18
824,500.0,0.06985299999996641,-10.019999999999875,-3.469446951953614e-18
825,500.0,0.0737699999999677,-10.019999999999875,-3.469446951953614e-18
826,500.0,0.07436700000016572,-10.019999999999875,-3.469446951953614e-18
827,500.0,0.07312499999989086,-10.019999999999875,-3.469446951953614e-18
828,500.0,0.06841699999949924,-10.019999999999875,-3.469446951953614e-18
829,500.0,0.07203599999957078,-10.019999999999875,-3.469446951953614e-18
830,500.0,0.07845799999995506,-10.019999999999875,-3.469446951953614e-18
831,500.0,0.08332000000064,-10.019999999999875,-3.469446951953614e-18
832,500.0,0.06930700000066281,-10.019999999999875,-3.469446951953614e-18
833,500.0,0.06898899999941932,-10.019999999999875,-3.469446951953614e-18
834,500.0,0.06887099999948987,-10.019999999999875,-3.469446951953614e-18
835,500.0,0.06716300000061892,-10.019999999999875,-3.469446951953614e-18
836,500.0,0.06983600000057777,-10.019999999999875,-3.469446951953614e-18
837,500.0,0.0706689999997252,-10.019999999999875,-3.469446951953614e-18
838,500.0,0.07085300000017014,-10.019999999999875,-3.469446951953614e-18
839,500.0,0.06685300000026473,-10.019999999999875,-3.469446951953614e-18
840,500.0,0.0680290000000241,-10.019999999999875,-3.469446951953614e-18
841,500.0,0.09243200000037177,-10.019999999999875,-3.469446951953614e-18
842,500.0,0.07055200000013429,-10.019999999999875,-3.469446951953614e-18
843,500.0,0.06833800000003976,-10.019999999999875,-3.469446951953614e-18
844,500.0,0.07016299999941111,-10.019999999999875,-3.469446951953614e-18
845,500.0,0.06655399999999645,-10.019999999999875,-3.469446951953614e-18
846,500.0,0.07022200000028533,-10.019999999999875,-3.469446951953614e-18
847,500.0,0.06983500000023923,-10.019999999999875,-3.469446951953614e-18
848,500.0,0.0713900000000649,-10.019999999999875,-3.469446951953614e-18
849,500.0,0.06672400000024936,-10.019999999999875,-3.469446951953614e-18
850,500.0,0.07065400000010413,-10.019999999999875,-3.469446951953614e-18
851,500.0,0.07403799999974581,-10.019999999999875,-3.469446951953614e-18
852,500.0,0.06164100000023609,-10.019999999999875,-3.469446951953614e-18
853,500.0,0.0682280000000901,-10.019999999999875,-3.469446951953614e-18
854,500.0,0.08746099999916623,-10.019999999999875,-3.469446951953614e-18
855,500.0,0.11551299999973708,-10.019999999999875,-3.469446951953614e-18
856,500.0,0.096784999999727,-10.019999999999875,-3.469446951953614e-18
857,500.0,0.11084200000004785,-10.019999999999875,-3.469446951953614e-18
858,500.0,0.11913900000035937,-10.019999999999875,-3.469446951953614e-18
859,500.0,0.13478699999996024,-10.019999999999875,-3.469446951953614e-18
860,500.0,0.10845100000005914,-10.019999999999875,-3.469446951953614e-18
861,500.0,0.09849299999950745,-10.019999999999875,-3.469446951953614e-18
862,500.0,0.10871699999916018,-10.019999999999875,-3.469446951953614e-18
863,500.0,0.1127649999998539,-10.019999999999875,-3.469446951953614e-18
864,500.0,0.08517200000005687,-10.019999999999875,-3.469446951953614e-18
865,500.0,0.09456300000056217,-10.019999999999875,-3.469446951953614e-18
866,500.0,0.10036399999989953,-10.019999999999875,-3.469446951953614e-18
867,500.0,0.09739499999977852,-10.019999999999875,-3.469446951953614e-18
868,500.0,0.09980300000006537,-10.019999999999875,-3.469446951953614e-18
869,500.0,0.10555099999965023,-10.019999999999875,-3.469446951953614e-18
870,500.0,0.08761700000013661,-10.019999999999875,-3.469446951953614e-18
871,500.0,0.09248899999965943,-10.019999999999875,-3.469446951953614e-18
872,500.0,0.10359599999992497,-10.019999999999875,-3.469446951953614e-18
873,500.0,0.1002440000002025,-10.019999999999875,-3.469446951953614e-18
874,500.0,0.11982199999965815,-10.019999999999875,-3.469446951953614e-18
875,500.0,0.1307010000000446,-10.019999999999875,-3.469446951953614e-18
876,500.0,0.11691699999937555,-10.019999999999875,-3.469446951953614e-18
877,500.0,0.11564999999973224,-10.019999999999875,-3.469446951953614e-18
878,500.0,0.09583699999984674,-10.019999999999875,-3.469446951953614e-18
879,500.0,0.09534399999938614,-10.019999999999875,-3.469446951953614e-18
880,500.0,0.09812099999999191,-10.019999999999875,-3.469446951953614e-18
881,500.0,0.10756700000001729,-10.019999999999875,-3.469446951953614e-18
882,500.0,0.0911309999992227,-10.019999999999875,-3.469446951953614e-18
883,500.0,0.08910500000001775,-10.019999999999875,-3.469446951953614e-18
884,500.0,0.08452699999998003,-10.019999999999875,-3.469446951953614e-18
885,500.0,0.0890159999999014,-10.019999999999875,-3.469446951953614e-18
886,500.0,0.11646299999938492,-10.019999999999875,-3.469446951953614e-18
887,500.0,0.09583000000020547,-10.019999999999875,-3.469446951953614e-18
888,500.0,0.10247699999945326,-10.019999999999875,-3.469446951953614e-18
889,500.0,0.09263999999984662,-10.019999999999875,-3.469446951953614e-18
890,500.0,0.104298999999628,-10.019999999999875,-3.469446951953614e-18
891,500.0,0.10231999999996333,-10.019999999999875,-3.469446951953614e-18
892,500.0,0.09639599999991333,-10.019999999999875,-3.469446951953614e-18
893,500.0,0.0946380000004865,-10.019999999999875,-3.469446951953614e-18
894,500.0,0.11715600000025006,-10.019999999999875,-3.469446951953614e-18
895,500.0,0.10058000000026368,-10.019999999999875,-3.469446951953614e-18
896,500.0,0.08859100000063336,-10.019999999999875,-3.469446951953614e-18
897,500.0,0.09731599999940954,-10.019999999999875,-3.469446951953614e-18
898,500.0,0.11982900000020891,-10.019999999999875,-3.469446951953614e-18
899,500.0,0.10556699999960983,-10.019999999999875,-3.469446951953614e-18
900,500.0,0.09000399999968067,-10.019999999999875,-3.469446951953614e-18
901,500.0,0.1052479999998468,-10.019999999999875,-3.469446951953614e-18
902,500.0,0.09334800000033283,-10.019999999999875,-3.469446951953614e-18
903,500.0,0.09344700000019657,-10.019999999999875,-3.469446951953614e-18
904,500.0,0.10518000000047323,-10.019999999999875,-3.469446951953614e-18
905,500.0,0.10634399999980815,-10.019999999999875,-3.469446951953614e-18
906,500.0,0.10632499999974243,-10.019999999999875,-3.469446951953614e-18
907,500.0,0.08981900000071619,-10.019999999999875,-3.469446951953614e-18
908,500.0,0.07538000000022294,-10.019999999999875,-3.469446951953614e-18
909,500.0,0.08308000000033644,-10.019999999999875,-3.469446951953614e-18
910,500.0,0.09989599999971688,-10.019999999999875,-3.469446951953614e-18
911,500.0,0.09163100000023405,-10.019999999999875,-3.469446951953614e-18
912,500.0,0.11257800000021234,-10.019999999999875,-3.469446951953614e-18
913,500.0,0.08759600000030332,-10.019999999999875,-3.469446951953614e-18
914,500.0,0.09313199999996868,-10.019999999999875,-3.469446951953614e-18
915,500.0,0.08892900000046211,-10.019999999999875,-3.469446951953614e-18
916,500.0,0.08851899999990565,-10.019999999999875,-3.469446951953614e-18
917,500.0,0.0836009999993621,-10.019999999999875,-3.469446951953614e-18
918,500.0,0.10929200000009587,-10.019999999999875,-3.469446951953614e-18
919,500.0,0.11409900000035123,-10.019999999999875,-3.469446951953614e-18
920,500.0,0.10936399999991409,-10.019999999999875,-3.469446951953614e-18
921,500.0,0.09444400000029418,-10.019999999999875,-3.469446951953614e-18
922,500.0,0.08214800000041578,-10.019999999999875,-3.469446951953614e-18
923,500.0,0.08308100000067498,-10.019999999999875,-3.469446951953614e-18
924,500.0,0.0923609999999826,-10.019999999999875,-3.469446951953614e-18
925,500.0,0.09542799999962881,-10.019999999999875,-3.469446951953614e-18
926,500.0,0.08695999999963533,-10.019999999999875,-3.469446951953614e-18
927,500.0,0.08852500000011787,-10.019999999999875,-3.469446951953614e-18
928,500.0,0.10144600000057835,-10.019999999999875,-3.469446951953614e-18
929,500.0,0.0911550000000716,-10.019999999999875,-3.469446951953614e-18
930,500.0,0.10519999999996799,-10.019999999999875,-3.469446951953614e-18
931,500.0,0.09003200000006473,-10.019999999999875,-3.469446951953614e-18
932,500.0,0.09122899999965739,-10.019999999999875,-3.469446951953614e-18
933,500.0,0.09771499999988009,-10.019999999999875,-3.469446951953614e-18
934,500.0,0.10384999999951106,-10.019999999999875,-3.469446951953614e-18
935,500.0,0.09247899999991205,-10.019999999999875,-3.469446951953614e-18
936,500.0,0.10320799999954033,-10.019999999999875,-3.469446951953614e-18
937,500.0,0.09743299999990995,-10.019999999999875,-3.469446951953614e-18
938,500.0,0.09335400000054506,-10.019999999999875,-3.469446951953614e-18
939,500.0,0.08832299999994575,-10.019999999999875,-3.469446951953614e-18
940,500.0,0.10227099999974598,-10.019999999999875,-3.469446951953614e-18
941,500.0,0.09687599999961094,-10.019999999999875,-3.469446951953614e-18
942,500.0,0.0837600000004386,-10.019999999999875,-3.469446951953614e-18
943,500.0,0.09149600000000646,-10.019999999999875,-3.469446951953614e-18
944,500.0,0.09553799999957846,-10.019999999999875,-3.469446951953614e-18
945,500.0,0.11087299999962852,-10.019999999999875,-3.469446951953614e-18
946,500.0,0.1072439999998096,-10.019999999999875,-3.469446951953614e-18
947,500.0,0.08665999999993801,-10.019999999999875,-3.469446951953614e-18
948,500.0,0.11147100000016508,-10.019999999999875,-3.469446951953614e-18
949,500.0,0.10445799999979499,-10.019999999999875,-3.469446951953614e-18
950,500.0,0.09494699999959266,-10.019999999999875,-3.469446951953614e-18
951,500.0,0.10604299999977229,-10.019999999999875,-3.469446951953614e-18
952,500.0,0.10333600000012666,-10.019999999999875,-3.469446951953614e-18
953,500.0,0.10113199999977951,-10.019999999999875,-3.469446951953614e-18
954,500.0,0.08831299999928888,-10.019999999999875,-3.469446951953614e-18
955,500.0,0.08937599999990198,-10.019999999999875,-3.469446951953614e-18
956,500.0,0.08960300000035204,-10.019999999999875,-3.469446951953614e-18
957,500.0,0.07905899999968824,-10.019999999999875,-3.469446951953614e-18
958,500.0,0.09824600000047212,-10.019999999999875,-3.469446951953614e-18
959,500.0,0.10037300000021787,-10.019999999999875,-3.469446951953614e-18
960,500.0,0.0939939999998387,-10.019999999999875,-3.469446951953614e-18
961,500.0,0.09694200000012643,-10.019999999999875,-3.469446951953614e-18
962,500.0,0.09890300000006391,-10.019999999999875,-3.469446951953614e-18
963,500.0,0.09914600000047358,-10.019999999999875,-3.469446951953614e-18
964,500.0,0.09362500000042928,-10.019999999999875,-3.469446951953614e-18
965,500.0,0.09844200000043202,-10.019999999999875,-3.469446951953614e-18
966,500.0,0.09229700000014418,-10.019999999999875,-3.469446951953614e-18
967,500.0,0.10189999999965949,-10.019999999999875,-3.469446951953614e-18
968,500.0,0.09774099999958707,-10.019999999999875,-3.469446951953614e-18
969,500.0,0.09330800000043382,-10.019999999999875,-3.469446951953614e-18
970,500.0,0.10613300000022718,-10.019999999999875,-3.469446951953614e-18
971,500.0,0.09065400000054069,-10.019999999999875,-3.469446951953614e-18
972,500.0,0.08239099999991595,-10.019999999999875,-3.469446951953614e-18
973,500.0,0.09069799999997485,-10.019999999999875,-3.469446951953614e-18
974,500.0,0.09090999999989435,-10.019999999999875,-3.469446951953614e-18
975,500.0,0.08129999999982829,-10.019999999999875,-3.469446951953614e-18
976,500.0,0.0899970000000394,-10.019999999999875,-3.469446951953614e-18
977,500.0,0.11689800000021933,-10.019999999999875,-3.469446951953614e-18
978,500.0,0.11256300000059127,-10.019999999999875,-3.469446951953614e-18
979,500.0,0.09511899999961315,-10.019999999999875,-3.469446951953614e-18
980,500.0,0.09306899999955931,-10.019999999999875,-3.469446951953614e-18
981,500.0,0.0956160000005184,-10.019999999999875,-3.469446951953614e-18
982,500.0,0.10018099999979313,-10.019999999999875,-3.469446951953614e-18
983,500.0,0.09708200000022771,-10.019999999999875,-3.469446951953614e-18
984,500.0,0.09806299999945622,-10.019999999999875,-3.469446951953614e-18
985,500.0,0.0956159999996089,-10.019999999999875,-3.469446951953614e-18
986,500.0,0.10137600000052771,-10.019999999999875,-3.469446951953614e-18
987,500.0,0.08948500000042259,-10.019999999999875,-3.469446951953614e-18
988,500.0,0.091921000000184,-10.019999999999875,-3.469446951953614e-18
989,500.0,0.10157899999921938,-10.019999999999875,-3.469446951953614e-18
990,500.0,0.10956200000055105,-10.019999999999875,-3.469446951953614e-18
991,500.0,0.10442999999941094,-10.019999999999875,-3.469446951953614e-18
992,500.0,0.09373599999980797,-10.019999999999875,-3.469446951953614e-18
993,500.0,0.07725399999981164,-10.019999999999875,-3.469446951953614e-18
994,500.0,0.09284200000001874,-10.019999999999875,-3.469446951953614e-18
995,500.0,0.09827500000028522,-10.019999999999875,-3.469446951953614e-18
996,500.0,0.09542199999941658,-10.019999999999875,-3.469446951953614e-18
997,500.0,0.0746049999997922,-10.019999999999875,-3.469446951953614e-18
998,500.0,0.07468999999946391,-10.019999999999875,-3.469446951953614e-18
999,500.0,0.09080100000028324,-10.019999999999875,-3.469446951953614e-18
1000,0.0,0.0,0.0,0.0
1001,0.0,0.0,0.0,0.0
1002,0.0,0.0,0.0,0.0
1003,0.0,0.0,0.0,0.0
1004,0.0,0.0,0.0,0.0
1005,0.0,0.0,0.0,0.0
1006,0.0,0.0,0.0,0.0
1007,0.0,0.0,0.0,0.0
1008,0.0,0.0,0.0,0.0
1009,0.0,0.0,0.0,0.0
1010,0.0,0.0,0.0,0.0
1011,0.0,0.0,0.0,0.0
1012,0.0,0.0,0.0,0.0
1013,0.0,0.0,0.0,0.0
1014,0.0,0.0,0.0,0.0
1015,0.0,0.0,0.0,0.0
1016,0.0,0.0,0.0,0.0
1017,0.0,0.0,0.0,0.0
1018,0.0,0.0,0.0,0.0
1019,0.0,0.0,0.0,0.0
1020,0.0,0.0,0.0,0.0
1021,0.0,0.0,0.0,0.0
1022,0.0,0.0,0.0,0.0
1023,0.0,0.0,0.0,0.0
1024,0.0,0.0,0.0,0.0
1025,0.0,0.0,0.0,0.0
1026,0.0,0.0,0.0,0.0
1027,0.0,0.0,0.0,0.0
1028,0.0,0.0,0.0,0.0
1029,0.0,0.0,0.0,0.0
1030,0.0,0.0,0.0,0.0
1031,0.0,0.0,0.0,0.0
1032,0.0,0.0,0.0,0.0
1033,0.0,0.0,0.0,0.0
1034,0.0,0.0,0.0,0.0
1035,0.0,0.0,0.0,0.0
1036,0.0,0.0,0.0,0.0
1037,0.0,0.0,0.0,0.0
1038,0.0,0.0,0.0,0.0
1039,0.0,0.0,0.0,0.0
1040,0.0,0.0,0.0,0.0
1041,0.0,0.0,0.0,0.0
1042,0.0,0.0,0.0,0.0
1043,0.0,0.0,0.0,0.0
1044,0.0,0.0,0.0,0.0
1045,0.0,0.0,0.0,0.0
1046,0.0,0.0,0.0,0.0
1047,0.0,0.0,0.0,0.0
1048,0.0,0.0,0.0,0.0
1049,0.0,0.0,0.0,0.0
1050,0.0,0.0,0.0,0.0
1051,0.0,0.0,0.0,0.0
1052,0.0,0.0,0.0,0.0
1053,0.0,0.0,0.0,0.0
1054,0.0,0.0,0.0,0.0
1055,0.0,0.0,0.0,0.0
1056,0.0,0.0,0.0,0.0
1057,0.0,0.0,0.0,0.0
1058,0.0,0.0,0.0,0.0
1059,0.0,0.0,0.0,0.0
1060,0.0,0.0,0.0,0.0
1061,0.0,0.0,0.0,0.0
1062,0.0,0.0,0.0,0.0
1063,0.0,0.0,0.0,0.0
1064,0.0,0.0,0.0,0.0
1065,0.0,0.0,0.0,0.0
1066,0.0,0.0,0.0,0.0
1067,0.0,0.0,0.0,0.0
1068,0.0,0.0,0.0,0.0
1069,0.0,0.0,0.0,0.0
1070,0.0,0.0,0.0,0.0
1071,0.0,0.0,0.0,0.0
1072,0.0,0.0,0.0,0.0
1073,0.0,0.0,0.0,0.0
1074,0.0,0.0,0.0,0.0
1075,0.0,0.0,0.0,0.0
1076,0.0,0.0,0.0,0.0
1077,0.0,0.0,0.0,0.0
1078,0.0,0.0,0.0,0.0
1079,0.0,0.0,0.0,0.0
1080,0.0,0.0,0.0,0.0
1081,0.0,0.0,0.0,0.0
1082,0.0,0.0,0.0,0.0
1083,0.0,0.0,0.0,0.0
1084,0.0,0.0,0.0,0.0
1085,0.0,0.0,0.0,0.0
1086,0.0,0.0,0.0,0.0
1087,0.0,0.0,0.0,0.0
1088,0.0,0.0,0.0,0.0
1089,0.0,0.0,0.0,0.0
1090,0.0,0.0,0.0,0.0
1091,0.0,0.0,0.0,0.0
1092,0.0,0.0,0.0,0.0
1093,0.0,0.0,0.0,0.0
1094,0.0,0.0,0.0,0.0
1095,0.0,0.0,0.0,0.0
1096,0.0,0.0,0.0,0.0
1097,0.0,0.0,0.0,0.0
1098,0.0,0.0,0.0,0.0
1099,0.0,0.0,0.0,0.0
1100,0.0,0.0,0.0,0.0
1101,0.0,0.0,0.0,0.0
1102,0.0,0.0,0.0,0.0
1103,0.0,0.0,0.0,0.0
1104,0.0,0.0,0.0,0.0
1105,0.0,0.0,0.0,0.0
1106,0.0,0.0,0.0,0.0
1107,0.0,0.0,0.0,0.0
1108,0.0,0.0,0.0,0.0
1109,0.0,0.0,0.0,0.0
1110,0.0,0.0,0.0,0.0
1111,0.0,0.0,0.0,0.0
1112,0.0,0.0,0.0,0.0
1113,0.0,0.0,0.0,0.0
1114,0.0,0.0,0.0,0.0
1115,0.0,0.0,0.0,0.0
1116,0.0,0.0,0.0,0.0
1117,0.0,0.0,0.0,0.0
1118,0.0,0.0,0.0,0.0
1119,0.0,0.0,0.0,0.0
1120,0.0,0.0,0.0,0.0
1121,0.0,0.0,0.0,0.0
1122,0.0,0.0,0.0,0.0
1123,0.0,0.0,0.0,0.0
1124,0.0,0.0,0.0,0.0
1125,0.0,0.0,0.0,0.0
1126,0.0,0.0,0.0,0.0
1127,0.0,0.0,0.0,0.0
1128,0.0,0.0,0.0,0.0
1129,0.0,0.0,0.0,0.0
1130,0.0,0.0,0.0,0.0
1131,0.0,0.0,0.0,0.0
1132,0.0,0.0,0.0,0.0
1133,0.0,0.0,0.0,0.0
1134,0.0,0.0,0.0,0.0
1135,0.0,0.0,0.0,0.0
1136,0.0,0.0,0.0,0.0
1137,0.0,0.0,0.0,0.0
1138,0.0,0.0,0.0,0.0
1139,0.0,0.0,0.0,0.0
1140,0.0,0.0,0.0,0.0
1141,0.0,0.0,0.0,0.0
1142,0.0,0.0,0.0,0.0
1143,0.0,0.0,0.0,0.0
1144,0.0,0.0,0.0,0.0
1145,0.0,0.0,0.0,0.0
1146,0.0,0.0,0.0,0.0
1147,0.0,0.0,0.0,0.0
1148,0.0,0.0,0.0,0.0
1149,0.0,0.0,0.0,0.0
1150,0.0,0.0,0.0,0.0
1151,0.0,0.0,0.0,0.0
1152,0.0,0.0,0.0,0.0
1153,0.0,0.0,0.0,0.0
1154,0.0,0.0,0.0,0.0
1155,0.0,0.0,0.0,0.0
1156,0.0,0.0,0.0,0.0
1157,0.0,0.0,0.0,0.0
1158,0.0,0.0,0.0,0.0
1159,0.0,0.0,0.0,0.0
1160,0.0,0.0,0.0,0.0
1161,0.0,0.0,0.0,0.0
1162,0.0,0.0,0.0,0.0
1163,0.0,0.0,0.0,0.0
1164,0.0,0.0,0.0,0.0
1165,0.0,0.0,0.0,0.0
1166,0.0,0.0,0.0,0.0
1167,0.0,0.0,0.0,0.0
1168,0.0,0.0,0.0,0.0
1169,0.0,0.0,0.0,0.0
1170,0.0,0.0,0.0,0.0
1171,0.0,0.0,0.0,0.0
1172,0.0,0.0,0.0,0.0
1173,0.0,0.0,0.0,0.0
1174,0.0,0.0,0.0,0.0
1175,0.0,0.0,0.0,0.0
1176,0.0,0.0,0.0,0.0
1177,0.0,0.0,0.0,0.0
1178,0.0,0.0,0.0,0.0
1179,0.0,0.0,0.0,0.0
1180,0.0,0.0,0.0,0.0
1181,0.0,0.0,0.0,0.0
1182,0.0,0.0,0.0,0.0
1183,0.0,0.0,0.0,0.0
1184,0.0,0.0,0.0,0.0
1185,0.0,0.0,0.0,0.0
1186,0.0,0.0,0.0,0.0
1187,0.0,0.0,0.0,0.0
1188,0.0,0.0,0.0,0.0
1189,0.0,0.0,0.0,0.0
1190,0.0,0.0,0.0,0.0
1191,0.0,0.0,0.0,0.0
1192,0.0,0.0,0.0,0.0
1193,0.0,0.0,0.0,0.0
1194,0.0,0.0,0.0,0.0
1195,0.0,0.0,0.0,0.0
1196,0.0,0.0,0.0,0.0
1197,0.0,0.0,0.0,0.0
1198,0.0,0.0,0.0,0.0
1199,0.0,0.0,0.0,0.0
1200,0.0,0.0,0.0,0.0
1201,0.0,0.0,0.0,0.0
1202,0.0,0.0,0.0,0.0
1203,0.0,0.0,0.0,0.0
1204,0.0,0.0,0.0,0.0
1205,0.0,0.0,0.0,0.0
1206,0.0,0.0,0.0,0.0
1207,0.0,0.0,0.0,0.0
1208,0.0,0.0,0.0,0.0
1209,0.0,0.0,0.0,0.0
1210,0.0,0.0,0.0,0.0
1211,0.0,0.0,0.0,0.0
1212,0.0,0.0,0.0,0.0
1213,0.0,0.0,0.0,0.0
1214,0.0,0.0,0.0,0.0
1215,0.0,0.0,0.0,0.0
1216,0.0,0.0,0.0,0.0
1217,0.0,0.0,0.0,0.0
1218,0.0,0.0,0.0,0.0
1219,0.0,0.0,0.0,0.0
1220,0.0,0.0,0.0,0.0
1221,0.0,0.0,0.0,0.0
1222,0.0,0.0,0.0,0.0
1223,0.0,0.0,0.0,0.0
1224,0.0,0.0,0.0,0.0
1225,0.0,0.0,0.0,0.0
1226,0.0,0.0,0.0,0.0
1227,0.0,0.0,0.0,0.0
1228,0.0,0.0,0.0,0.0
1229,0.0,0.0,0.0,0.0
1230,0.0,0.0,0.0,0.0
1231,0.0,0.0,0.0,0.0
1232,0.0,0.0,0.0,0.0
1233,0.0,0.0,0.0,0.0
1234,0.0,0.0,0.0,0.0
1235,0.0,0.0,0.0,0.0
1236,0.0,0.0,0.0,0.0
1237,0.0,0.0,0.0,0.0
1238,0.0,0.0,0.0,0.0
1239,0.0,0.0,0.0,0.0
1240,0.0,0.0,0.0,0.0
1241,0.0,0.0,0.0,0.0
1242,0.0,0.0,0.0,0.0
1243,0.0,0.0,0.0,0.0
1244,0.0,0.0,0.0,0.0
1245,0.0,0.0,0.0,0.0
1246,0.0,0.0,0.0,0.0
1247,0.0,0.0,0.0,0.0
1248,0.0,0.0,0.0,0.0
1249,0.0,0.0,0.0,0.0
1250,0.0,0.0,0.0,0.0
1251,0.0,0.0,0.0,0.0
1252,0.0,0.0,0.0,0.0
1253,0.0,0.0,0.0,0.0
1254,0.0,0.0,0.0,0.0
1255,0.0,0.0,0.0,0.0
1256,0.0,0.0,0.0,0.0
1257,0.0,0.0,0.0,0.0
1258,0.0,0.0,0.0,0.0
1259,0.0,0.0,0.0,0.0
1260,0.0,0.0,0.0,0.0
1261,0.0,0.0,0.0,0.0
1262,0.0,0.0,0.0,0.0
1263,0.0,0.0,0.0,0.0
1264,0.0,0.0,0.0,0.0
1265,0.0,0.0,0.0,0.0
1266,0.0,0.0,0.0,0.0
1267,0.0,0.0,0.0,0.0
1268,0.0,0.0,0.0,0.0
1269,0.0,0.0,0.0,0.0
1270,0.0,0.0,0.0,0.0
1271,0.0,0.0,0.0,0.0
1272,0.0,0.0,0.0,0.0
1273,0.0,0.0,0.0,0.0
1274,0.0,0.0,0.0,0.0
1275,0.0,0.0,0.0,0.0
1276,0.0,0.0,0.0,0.0
1277,0.0,0.0,0.0,0.0
1278,0.0,0.0,0.0,0.0
1279,0.0,0.0,0.0,0.0
1280,0.0,0.0,0.0,0.0
1281,0.0,0.0,0.0,0.0
1282,0.0,0.0,0.0,0.0
1283,0.0,0.0,0.0,0.0
1284,0.0,0.0,0.0,0.0
1285,0.0,0.0,0.0,0.0
1286,0.0,0.0,0.0,0.0
1287,0.0,0.0,0.0,0.0
1288,0.0,0.0,0.0,0.0
1289,0.0,0.0,0.0,0.0
1290,0.0,0.0,0.0,0.0
1291,0.0,0.0,0.0,0.0
1292,0.0,0.0,0.0,0.0
1293,0.0,0.0,0.0,0.0
1294,0.0,0.0,0.0,0.0
1295,0.0,0.0,0.0,0.0
1296,0.0,0.0,0.0,0.0
1297,0.0,0.0,0.0,0.0
1298,0.0,0.0,0.0,0.0
1299,0.0,0.0,0.0,0.0
1300,0.0,0.0,0.0,0.0
1301,0.0,0.0,0.0,0.0
1302,0.0,0.0,0.0,0.0
1303,0.0,0.0,0.0,0.0
1304,0.0,0.0,0.0,0.0
1305,0.0,0.0,0.0,0.0
1306,0.0,0.0,0.0,0.0
1307,0.0,0.0,0.0,0.0
1308,0.0,0.0,0.0,0.0
1309,0.0,0.0,0.0,0.0
1310,0.0,0.0,0.0,0.0
1311,0.0,0.0,0.0,0.0
1312,0.0,0.0,0.0,0.0
1313,0.0,0.0,0.0,0.0
1314,0.0,0.0,0.0,0.0
1315,0.0,0.0,0.0,0.0
1316,0.0,0.0,0.0,0.0
1317,0.0,0.0,0.0,0.0
1318,0.0,0.0,0.0,0.0
1319,0.0,0.0,0.0,0.0
1320,0.0,0.0,0.0,0.0
1321,0.0,0.0,0.0,0.0
1322,0.0,0.0,0.0,0.0
1323,0.0,0.0,0.0,0.0
1324,0.0,0.0,0.0,0.0
1325,0.0,0.0,0.0,0.0
1326,0.0,0.0,0.0,0.0
1327,0.0,0.0,0.0,0.0
1328,0.0,0.0,0.0,0.0
1329,0.0,0.0,0.0,0.0
1330,0.0,0.0,0.0,0.0
1331,0.0,0.0,0.0,0.0
1332,0.0,0.0,0.0,0.0
1333,0.0,0.0,0.0,0.0
1334,0.0,0.0,0.0,0.0
1335,0.0,0.0,0.0,0.0
1336,0.0,0.0,0.0,0.0
1337,0.0,0.0,0.0,0.0
1338,0.0,0.0,0.0,0.0
1339,0.0,0.0,0.0,0.0
1340,0.0,0.0,0.0,0.0
1341,0.0,0.0,0.0,0.0
1342,0.0,0.0,0.0,0.0
1343,0.0,0.0,0.0,0.0
1344,0.0,0.0,0.0,0.0
1345,0.0,0.0,0.0,0.0
1346,0.0,0.0,0.0,0.0
1347,0.0,0.0,0.0,0.0
1348,0.0,0.0,0.0,0.0
1349,0.0,0.0,0.0,0.0
1350,0.0,0.0,0.0,0.0
1351,0.0,0.0,0.0,0.0
1352,0.0,0.0,0.0,0.0
1353,0.0,0.0,0.0,0.0
1354,0.0,0.0,0.0,0.0
1355,0.0,0.0,0.0,0.0
1356,0.0,0.0,0.0,0.0
1357,0.0,0.0,0.0,0.0
1358,0.0,0.0,0.0,0.0
1359,0.0,0.0,0.0,0.0
1360,0.0,0.0,0.0,0.0
1361,0.0,0.0,0.0,0.0
1362,0.0,0.0,0.0,0.0
1363,0.0,0.0,0.0,0.0
1364,0.0,0.0,0.0,0.0
1365,0.0,0.0,0.0,0.0
1366,0.0,0.0,0.0,0.0
1367,0.0,0.0,0.0,0.0
1368,0.0,0.0,0.0,0.0
1369,0.0,0.0,0.0,0.0
1370,0.0,0.0,0.0,0.0
1371,0.0,0.0,0.0,0.0
1372,0.0,0.0,0.0,0.0
1373,0.0,0.0,0.0,0.0
1374,0.0,0.0,0.0,0.0
1375,0.0,0.0,0.0,0.0
1376,0.0,0.0,0.0,0.0
1377,0.0,0.0,0.0,0.0
1378,0.0,0.0,0.0,0.0
1379,0.0,0.0,0.0,0.0
1380,0.0,0.0,0.0,0.0
1381,0.0,0.0,0.0,0.0
1382,0.0,0.0,0.0,0.0
1383,0.0,0.0,0.0,0.0
1384,0.0,0.0,0.0,0.0
1385,0.0,0.0,0.0,0.0
1386,0.0,0.0,0.0,0.0
1387,0.0,0.0,0.0,0.0
1388,0.0,0.0,0.0,0.0
1389,0.0,0.0,0.0,0.0
1390,0.0,0.0,0.0,0.0
1391,0.0,0.0,0.0,0.0
1392,0.0,0.0,0.0,0.0
1393,0.0,0.0,0.0,0.0
1394,0.0,0.0,0.0,0.0
1395,0.0,0.0,0.0,0.0
1396,0.0,0.0,0.0,0.0
1397,0.0,0.0,0.0,0.0
1398,0.0,0.0,0.0,0.0
1399,0.0,0.0,0.0,0.0
1400,0.0,0.0,0.0,0.0
1401,0.0,0.0,0.0,0.0
1402,0.0,0.0,0.0,0.0
1403,0.0,0.0,0.0,0.0
1404,0.0,0.0,0.0,0.0
1405,0.0,0.0,0.0,0.0
1406,0.0,0.0,0.0,0.0
1407,0.0,0.0,0.0,0.0
1408,0.0,0.0,0.0,0.0
1409,0.0,0.0,0.0,0.0
1410,0.0,0.0,0.0,0.0
1411,0.0,0.0,0.0,0.0
1412,0.0,0.0,0.0,0.0
1413,0.0,0.0,0.0,0.0
1414,0.0,0.0,0.0,0.0
1415,0.0,0.0,0.0,0.0
1416,0.0,0.0,0.0,0.0
1417,0.0,0.0,0.0,0.0
1418,0.0,0.0,0.0,0.0
1419,0.0,0.0,0.0,0.0
1420,0.0,0.0,0.0,0.0
1421,0.0,0.0,0.0,0.0
1422,0.0,0.0,0.0,0.0
1423,0.0,0.0,0.0,0.0
1424,0.0,0.0,0.0,0.0
1425,0.0,0.0,0.0,0.0
1426,0.0,0.0,0.0,0.0
1427,0.0,0.0,0.0,0.0
1428,0.0,0.0,0.0,0.0
1429,0.0,0.0,0.0,0.0
1430,0.0,0.0,0.0,0.0
1431,0.0,0.0,0.0,0.0
1432,0.0,0.0,0.0,0.0
1433,0.0,0.0,0.0,0.0
1434,0.0,0.0,0.0,0.0
1435,0.0,0.0,0.0,0.0
1436,0.0,0.0,0.0,0.0
1437,0.0,0.0,0.0,0.0
1438,0.0,0.0,0.0,0.0
1439,0.0,0.0,0.0,0.0
1440,0.0,0.0,0.0,0.0
1441,0.0,0.0,0.0,0.0
1442,0.0,0.0,0.0,0.0
1443,0.0,0.0,0.0,0.0
1444,0.0,0.0,0.0,0.0
1445,0.0,0.0,0.0,0.0
1446,0.0,0.0,0.0,0.0
1447,0.0,0.0,0.0,0.0
1448,0.0,0.0,0.0,0.0
1449,0.0,0.0,0.0,0.0
1450,0.0,0.0,0.0,0.0
1451,0.0,0.0,0.0,0.0
1452,0.0,0.0,0.0,0.0
1453,0.0,0.0,0.0,0.0
1454,0.0,0.0,0.0,0.0
1455,0.0,0.0,0.0,0.0
1456,0.0,0.0,0.0,0.0
1457,0.0,0.0,0.0,0.0
1458,0.0,0.0,0.0,0.0
1459,0.0,0.0,0.0,0.0
1460,0.0,0.0,0.0,0.0
1461,0.0,0.0,0.0,0.0
1462,0.0,0.0,0.0,0.0
1463,0.0,0.0,0.0,0.0
1464,0.0,0.0,0.0,0.0
1465,0.0,0.0,0.0,0.0
1466,0.0,0.0,0.0,0.0
1467,0.0,0.0,0.0,0.0
1468,0.0,0.0,0.0,0.0
1469,0.0,0.0,0.0,0.0
1470,0.0,0.0,0.0,0.0
1471,0.0,0.0,0.0,0.0
1472,0.0,0.0,0.0,0.0
1473,0.0,0.0,0.0,0.0
1474,0.0,0.0,0.0,0.0
1475,0.0,0.0,0.0,0.0
1476,0.0,0.0,0.0,0.0
1477,0.0,0.0,0.0,0.0
1478,0.0,0.0,0.0,0.0
1479,0.0,0.0,0.0,0.0
1480,0.0,0.0,0.0,0.0
1481,0.0,0.0,0.0,0.0
1482,0.0,0.0,0.0,0.0
1483,0.0,0.0,0.0,0.0
1484,0.0,0.0,0.0,0.0
1485,0.0,0.0,0.0,0.0
1486,0.0,0.0,0.0,0.0
1487,0.0,0.0,0.0,0.0
1488,0.0,0.0,0.0,0.0
1489,0.0,0.0,0.0,0.0
1490,0.0,0.0,0.0,0.0
1491,0.0,0.0,0.0,0.0
1492,0.0,0.0,0.0,0.0
1493,0.0,0.0,0.0,0.0
1494,0.0,0.0,0.0,0.0
1495,0.0,0.0,0.0,0.0
1496,0.0,0.0,0.0,0.0
1497,0.0,0.0,0.0,0.0
1498,0.0,0.0,0.0,0.0
1499,0.0,0.0,0.0,0.0
1500,0.0,0.0,0.0,0.0
1501,0.0,0.0,0.0,0.0
1502,0.0,0.0,0.0,0.0
1503,0.0,0.0,0.0,0.0
1504,0.0,0.0,0.0,0.0
1505,0.0,0.0,0.0,0.0
1506,0.0,0.0,0.0,0.0
1507,0.0,0.0,0.0,0.0
1508,0.0,0.0,0.0,0.0
1509,0.0,0.0,0.0,0.0
1510,0.0,0.0,0.0,0.0
1511,0.0,0.0,0.0,0.0
1512,0.0,0.0,0.0,0.0
1513,0.0,0.0,0.0,0.0
1514,0.0,0.0,0.0,0.0
1515,0.0,0.0,0.0,0.0
1516,0.0,0.0,0.0,0.0
1517,0.0,0.0,0.0,0.0
1518,0.0,0.0,0.0,0.0
1519,0.0,0.0,0.0,0.0
1520,0.0,0.0,0.0,0.0
1521,0.0,0.0,0.0,0.0
1522,0.0,0.0,0.0,0.0
1523,0.0,0.0,0.0,0.0
1524,0.0,0.0,0.0,0.0
1525,0.0,0.0,0.0,0.0
1526,0.0,0.0,0.0,0.0
1527,0.0,0.0,0.0,0.0
1528,0.0,0.0,0.0,0.0
1529,0.0,0.0,0.0,0.0
1530,0.0,0.0,0.0,0.0
1531,0.0,0.0,0.0,0.0
1532,0.0,0.0,0.0,0.0
1533,0.0,0.0,0.0,0.0
1534,0.0,0.0,0.0,0.0
1535,0.0,0.0,0.0,0.0
1536,0.0,0.0,0.0,0.0
1537,0.0,0.0,0.0,0.0
1538,0.0,0.0,0.0,0.0
1539,0.0,0.0,0.0,0.0
1540,0.0,0.0,0.0,0.0
1541,0.0,0.0,0.0,0.0
1542,0.0,0.0,0.0,0.0
1543,0.0,0.0,0.0,0.0
1544,0.0,0.0,0.0,0.0
1545,0.0,0.0,0.0,0.0
1546,0.0,0.0,0.0,0.0
1547,0.0,0.0,0.0,0.0
1548,0.0,0.0,0.0,0.0
1549,0.0,0.0,0.0,0.0
1550,0.0,0.0,0.0,0.0
1551,0.0,0.0,0.0,0.0
1552,0.0,0.0,0.0,0.0
1553,0.0,0.0,0.0,0.0
1554,0.0,0.0,0.0,0.0
1555,0.0,0.0,0.0,0.0
1556,0.0,0.0,0.0,0.0
1557,0.0,0.0,0.0,0.0
1558,0.0,0.0,0.0,0.0
1559,0.0,0.0,0.0,0.0
1560,0.0,0.0,0.0,0.0
1561,0.0,0.0,0.0,0.0
1562,0.0,0.0,0.0,0.0
1563,0.0,0.0,0.0,0.0
1564,0.0,0.0,0.0,0.0
1565,0.0,0.0,0.0,0.0
1566,0.0,0.0,0.0,0.0
1567,0.0,0.0,0.0,0.0
1568,0.0,0.0,0.0,0.0
1569,0.0,0.0,0.0,0.0
1570,0.0,0.0,0.0,0.0
1571,0.0,0.0,0.0,0.0
1572,0.0,0.0,0.0,0.0
1573,0.0,0.0,0.0,0.0
1574,0.0,0.0,0.0,0.0
1575,0.0,0.0,0.0,0.0
1576,0.0,0.0,0.0,0.0
1577,0.0,0.0,0.0,0.0
1578,0.0,0.0,0.0,0.0
1579,0.0,0.0,0.0,0.0
1580,0.0,0.0,0.0,0.0
1581,0.0,0.0,0.0,0.0
1582,0.0,0.0,0.0,0.0
1583,0.0,0.0,0.0,0.0
1584,0.0,0.0,0.0,0.0
1585,0.0,0.0,0.0,0.0
1586,0.0,0.0,0.0,0.0
1587,0.0,0.0,0.0,0.0
1588,0.0,0.0,0.0,0.0
1589,0.0,0.0,0.0,0.0
1590,0.0,0.0,0.0,0.0
1591,0.0,0.0,0.0,0.0
1592,0.0,0.0,0.0,0.0
1593,0.0,0.0,0.0,0.0
1594,0.0,0.0,0.0,0.0
1595,0.0,0.0,0.0,0.0
1596,0.0,0.0,0.0,0.0
1597,0.0,0.0,0.0,0.0
1598,0.0,0.0,0.0,0.0
1599,0.0,0.0,0.0,0.0
1600,0.0,0.0,0.0,0.0
1601,0.0,0.0,0.0,0.0
1602,0.0,0.0,0.0,0.0
1603,0.0,0.0,0.0,0.0
1604,0.0,0.0,0.0,0.0
1605,0.0,0.0,0.0,0.0
1606,0.0,0.0,0.0,0.0
1607,0.0,0.0,0.0,0.0
1608,0.0,0.0,0.0,0.0
1609,0.0,0.0,0.0,0.0
1610,0.0,0.0,0.0,0.0
1611,0.0,0.0,0.0,0.0
1612,0.0,0.0,0.0,0.0
1613,0.0,0.0,0.0,0.0
1614,0.0,0.0,0.0,0.0
1615,0.0,0.0,0.0,0.0
1616,0.0,0.0,0.0,0.0
1617,0.0,0.0,0.0,0.0
1618,0.0,0.0,0.0,0.0
1619,0.0,0.0,0.0,0.0
1620,0.0,0.0,0.0,0.0
1621,0.0,0.0,0.0,0.0
1622,0.0,0.0,0.0,0.0
1623,0.0,0.0,0.0,0.0
1624,0.0,0.0,0.0,0.0
1625,0.0,0.0,0.0,0.0
1626,0.0,0.0,0.0,0.0
1627,0.0,0.0,0.0,0.0
1628,0.0,0.0,0.0,0.0
1629,0.0,0.0,0.0,0.0
1630,0.0,0.0,0.0,0.0
1631,0.0,0.0,0.0,0.0
1632,0.0,0.0,0.0,0.0
1633,0.0,0.0,0.0,0.0
1634,0.0,0.0,0.0,0.0
1635,0.0,0.0,0.0,0.0
1636,0.0,0.0,0.0,0.0
1637,0.0,0.0,0.0,0.0
1638,0.0,0.0,0.0,0.0
1639,0.0,0.0,0.0,0.0
1640,0.0,0.0,0.0,0.0
1641,0.0,0.0,0.0,0.0
1642,0.0,0.0,0.0,0.0
1643,0.0,0.0,0.0,0.0
1644,0.0,0.0,0.0,0.0
1645,0.0,0.0,0.0,0.0
1646,0.0,0.0,0.0,0.0
1647,0.0,0.0,0.0,0.0
1648,0.0,0.0,0.0,0.0
1649,0.0,0.0,0.0,0.0
1650,0.0,0.0,0.0,0.0
1651,0.0,0.0,0.0,0.0
1652,0.0,0.0,0.0,0.0
1653,0.0,0.0,0.0,0.0
1654,0.0,0.0,0.0,0.0
1655,0.0,0.0,0.0,0.0
1656,0.0,0.0,0.0,0.0
1657,0.0,0.0,0.0,0.0
1658,0.0,0.0,0.0,0.0
1659,0.0,0.0,0.0,0.0
1660,0.0,0.0,0.0,0.0
1661,0.0,0.0,0.0,0.0
1662,0.0,0.0,0.0,0.0
1663,0.0,0.0,0.0,0.0
1664,0.0,0.0,0.0,0.0
1665,0.0,0.0,0.0,0.0
1666,0.0,0.0,0.0,0.0
1667,0.0,0.0,0.0,0.0
1668,0.0,0.0,0.0,0.0
1669,0.0,0.0,0.0,0.0
1670,0.0,0.0,0.0,0.0
1671,0.0,0.0,0.0,0.0
1672,0.0,0.0,0.0,0.0
1673,0.0,0.0,0.0,0.0
1674,0.0,0.0,0.0,0.0
1675,0.0,0.0,0.0,0.0
1676,0.0,0.0,0.0,0.0
1677,0.0,0.0,0.0,0.0
1678,0.0,0.0,0.0,0.0
1679,0.0,0.0,0.0,0.0
1680,0.0,0.0,0.0,0.0
1681,0.0,0.0,0.0,0.0
1682,0.0,0.0,0.0,0.0
1683,0.0,0.0,0.0,0.0
1684,0.0,0.0,0.0,0.0
1685,0.0,0.0,0.0,0.0
1686,0.0,0.0,0.0,0.0
1687,0.0,0.0,0.0,0.0
1688,0.0,0.0,0.0,0.0
1689,0.0,0.0,0.0,0.0
1690,0.0,0.0,0.0,0.0
1691,0.0,0.0,0.0,0.0
1692,0.0,0.0,0.0,0.0
1693,0.0,0.0,0.0,0.0
1694,0.0,0.0,0.0,0.0
1695,0.0,0.0,0.0,0.0
1696,0.0,0.0,0.0,0.0
1697,0.0,0.0,0.0,0.0
1698,0.0,0.0,0.0,0.0
1699,0.0,0.0,0.0,0.0
1700,0.0,0.0,0.0,0.0
1701,0.0,0.0,0.0,0.0
1702,0.0,0.0,0.0,0.0
1703,0.0,0.0,0.0,0.0
1704,0.0,0.0,0.0,0.0
1705,0.0,0.0,0.0,0.0
1706,0.0,0.0,0.0,0.0
1707,0.0,0.0,0.0,0.0
1708,0.0,0.0,0.0,0.0
1709,0.0,0.0,0.0,0.0
1710,0.0,0.0,0.0,0.0
1711,0.0,0.0,0.0,0.0
1712,0.0,0.0,0.0,0.0
1713,0.0,0.0,0.0,0.0
1714,0.0,0.0,0.0,0.0
1715,0.0,0.0,0.0,0.0
1716,0.0,0.0,0.0,0.0
1717,0.0,0.0,0.0,0.0
1718,0.0,0.0,0.0,0.0
1719,0.0,0.0,0.0,0.0
1720,0.0,0.0,0.0,0.0
1721,0.0,0.0,0.0,0.0
1722,0.0,0.0,0.0,0.0
1723,0.0,0.0,0.0,0.0
1724,0.0,0.0,0.0,0.0
1725,0.0,0.0,0.0,0.0
1726,0.0,0.0,0.0,0.0
1727,0.0,0.0,0.0,0.0
1728,0.0,0.0,0.0,0.0
1729,0.0,0.0,0.0,0.0
1730,0.0,0.0,0.0,0.0
1731,0.0,0.0,0.0,0.0
1732,0.0,0.0,0.0,0.0
1733,0.0,0.0,0.0,0.0
1734,0.0,0.0,0.0,0.0
1735,0.0,0.0,0.0,0.0
1736,0.0,0.0,0.0,0.0
1737,0.0,0.0,0.0,0.0
1738,0.0,0.0,0.0,0.0
1739,0.0,0.0,0.0,0.0
1740,0.0,0.0,0.0,0.0
1741,0.0,0.0,0.0,0.0
1742,0.0,0.0,0.0,0.0
1743,0.0,0.0,0.0,0.0
1744,0.0,0.0,0.0,0.0
1745,0.0,0.0,0.0,0.0
1746,0.0,0.0,0.0,0.0
1747,0.0,0.0,0.0,0.0
1748,0.0,0.0,0.0,0.0
1749,0.0,0.0,0.0,0.0
1750,0.0,0.0,0.0,0.0
1751,0.0,0.0,0.0,0.0
1752,0.0,0.0,0.0,0.0
1753,0.0,0.0,0.0,0.0
1754,0.0,0.0,0.0,0.0
1755,0.0,0.0,0.0,0.0
1756,0.0,0.0,0.0,0.0
1757,0.0,0.0,0.0,0.0
1758,0.0,0.0,0.0,0.0
1759,0.0,0.0,0.0,0.0
1760,0.0,0.0,0.0,0.0
1761,0.0,0.0,0.0,0.0
1762,0.0,0.0,0.0,0.0
1763,0.0,0.0,0.0,0.0
1764,0.0,0.0,0.0,0.0
1765,0.0,0.0,0.0,0.0
1766,0.0,0.0,0.0,0.0
1767,0.0,0.0,0.0,0.0
1768,0.0,0.0,0.0,0.0
1769,0.0,0.0,0.0,0.0
1770,0.0,0.0,0.0,0.0
1771,0.0,0.0,0.0,0.0
1772,0.0,0.0,0.0,0.0
1773,0.0,0.0,0.0,0.0
1774,0.0,0.0,0.0,0.0
1775,0.0,0.0,0.0,0.0
1776,0.0,0.0,0.0,0.0
1777,0.0,0.0,0.0,0.0
1778,0.0,0.0,0.0,0.0
1779,0.0,0.0,0.0,0.0
1780,0.0,0.0,0.0,0.0
1781,0.0,0.0,0.0,0.0
1782,0.0,0.0,0.0,0.0
1783,0.0,0.0,0.0,0.0
1784,0.0,0.0,0.0,0.0
1785,0.0,0.0,0.0,0.0
1786,0.0,0.0,0.0,0.0
1787,0.0,0.0,0.0,0.0
1788,0.0,0.0,0.0,0.0
1789,0.0,0.0,0.0,0.0
1790,0.0,0.0,0.0,0.0
1791,0.0,0.0,0.0,0.0
1792,0.0,0.0,0.0,0.0
1793,0.0,0.0,0.0,0.0
1794,0.0,0.0,0.0,0.0
1795,0.0,0.0,0.0,0.0
1796,0.0,0.0,0.0,0.0
1797,0.0,0.0,0.0,0.0
1798,0.0,0.0,0.0,0.0
1799,0.0,0.0,0.0,0.0
1800,0.0,0.0,0.0,0.0
1801,0.0,0.0,0.0,0.0
1802,0.0,0.0,0.0,0.0
1803,0.0,0.0,0.0,0.0
1804,0.0,0.0,0.0,0.0
1805,0.0,0.0,0.0,0.0
1806,0.0,0.0,0.0,0.0
1807,0.0,0.0,0.0,0.0
1808,0.0,0.0,0.0,0.0
1809,0.0,0.0,0.0,0.0
1810,0.0,0.0,0.0,0.0
1811,0.0,0.0,0.0,0.0
1812,0.0,0.0,0.0,0.0
1813,0.0,0.0,0.0,0.0
1814,0.0,0.0,0.0,0.0
1815,0.0,0.0,0.0,0.0
1816,0.0,0.0,0.0,0.0
1817,0.0,0.0,0.0,0.0
1818,0.0,0.0,0.0,0.0
1819,0.0,0.0,0.0,0.0
1820,0.0,0.0,0.0,0.0
1821,0.0,0.0,0.0,0.0
1822,0.0,0.0,0.0,0.0
1823,0.0,0.0,0.0,0.0
1824,0.0,0.0,0.0,0.0
1825,0.0,0.0,0.0,0.0
1826,0.0,0.0,0.0,0.0
1827,0.0,0.0,0.0,0.0
1828,0.0,0.0,0.0,0.0
1829,0.0,0.0,0.0,0.0
1830,0.0,0.0,0.0,0.0
1831,0.0,0.0,0.0,0.0
1832,0.0,0.0,0.0,0.0
1833,0.0,0.0,0.0,0.0
1834,0.0,0.0,0.0,0.0
1835,0.0,0.0,0.0,0.0
1836,0.0,0.0,0.0,0.0
1837,0.0,0.0,0.0,0.0
1838,0.0,0.0,0.0,0.0
1839,0.0,0.0,0.0,0.0
1840,0.0,0.0,0.0,0.0
1841,0.0,0.0,0.0,0.0
1842,0.0,0.0,0.0,0.0
1843,0.0,0.0,0.0,0.0
1844,0.0,0.0,0.0,0.0
1845,0.0,0.0,0.0,0.0
1846,0.0,0.0,0.0,0.0
1847,0.0,0.0,0.0,0.0
1848,0.0,0.0,0.0,0.0
1849,0.0,0.0,0.0,0.0
1850,0.0,0.0,0.0,0.0
1851,0.0,0.0,0.0,0.0
1852,0.0,0.0,0.0,0.0
1853,0.0,0.0,0.0,0.0
1854,0.0,0.0,0.0,0.0
1855,0.0,0.0,0.0,0.0
1856,0.0,0.0,0.0,0.0
1857,0.0,0.0,0.0,0.0
1858,0.0,0.0,0.0,0.0
1859,0.0,0.0,0.0,0.0
1860,0.0,0.0,0.0,0.0
1861,0.0,0.0,0.0,0.0
1862,0.0,0.0,0.0,0.0
1863,0.0,0.0,0.0,0.0
1864,0.0,0.0,0.0,0.0
1865,0.0,0.0,0.0,0.0
1866,0.0,0.0,0.0,0.0
1867,0.0,0.0,0.0,0.0
1868,0.0,0.0,0.0,0.0
1869,0.0,0.0,0.0,0.0
1870,0.0,0.0,0.0,0.0
1871,0.0,0.0,0.0,0.0
1872,0.0,0.0,0.0,0.0
1873,0.0,0.0,0.0,0.0
1874,0.0,0.0,0.0,0.0
1875,0.0,0.0,0.0,0.0
1876,0.0,0.0,0.0,0.0
1877,0.0,0.0,0.0,0.0
1878,0.0,0.0,0.0,0.0
1879,0.0,0.0,0.0,0.0
1880,0.0,0.0,0.0,0.0
1881,0.0,0.0,0.0,0.0
1882,0.0,0.0,0.0,0.0
1883,0.0,0.0,0.0,0.0
1884,0.0,0.0,0.0,0.0
1885,0.0,0.0,0.0,0.0
1886,0.0,0.0,0.0,0.0
1887,0.0,0.0,0.0,0.0
1888,0.0,0.0,0.0,0.0
1889,0.0,0.0,0.0,0.0
1890,0.0,0.0,0.0,0.0
1891,0.0,0.0,0.0,0.0
1892,0.0,0.0,0.0,0.0
1893,0.0,0.0,0.0,0.0
1894,0.0,0.0,0.0,0.0
1895,0.0,0.0,0.0,0.0
1896,0.0,0.0,0.0,0.0
1897,0.0,0.0,0.0,0.0
1898,0.0,0.0,0.0,0.0
1899,0.0,0.0,0.0,0.0
1900,0.0,0.0,0.0,0.0
1901,0.0,0.0,0.0,0.0
1902,0.0,0.0,0.0,0.0
1903,0.0,0.0,0.0,0.0
1904,0.0,0.0,0.0,0.0
1905,0.0,0.0,0.0,0.0
1906,0.0,0.0,0.0,0.0
1907,0.0,0.0,0.0,0.0
1908,0.0,0.0,0.0,0.0
1909,0.0,0.0,0.0,0.0
1910,0.0,0.0,0.0,0.0
1911,0.0,0.0,0.0,0.0
1912,0.0,0.0,0.0,0.0
1913,0.0,0.0,0.0,0.0
1914,0.0,0.0,0.0,0.0
1915,0.0,0.0,0.0,0.0
1916,0.0,0.0,0.0,0.0
1917,0.0,0.0,0.0,0.0
1918,0.0,0.0,0.0,0.0
1919,0.0,0.0,0.0,0.0
1920,0.0,0.0,0.0,0.0
1921,0.0,0.0,0.0,0.0
1922,0.0,0.0,0.0,0.0
1923,0.0,0.0,0.0,0.0
1924,0.0,0.0,0.0,0.0
1925,0.0,0.0,0.0,0.0
1926,0.0,0.0,0.0,0.0
1927,0.0,0.0,0.0,0.0
1928,0.0,0.0,0.0,0.0
1929,0.0,0.0,0.0,0.0
1930,0.0,0.0,0.0,0.0
1931,0.0,0.0,0.0,0.0
1932,0.0,0.0,0.0,0.0
1933,0.0,0.0,0.0,0.0
1934,0.0,0.0,0.0,0.0
1935,0.0,0.0,0.0,0.0
1936,0.0,0.0,0.0,0.0
1937,0.0,0.0,0.0,0.0
1938,0.0,0.0,0.0,0.0
1939,0.0,0.0,0.0,0.0
1940,0.0,0.0,0.0,0.0
1941,0.0,0.0,0.0,0.0
1942,0.0,0.0,0.0,0.0
1943,0.0,0.0,0.0,0.0
1944,0.0,0.0,0.0,0.0
1945,0.0,0.0,0.0,0.0
1946,0.0,0.0,0.0,0.0
1947,0.0,0.0,0.0,0.0
1948,0.0,0.0,0.0,0.0
1949,0.0,0.0,0.0,0.0
1950,0.0,0.0,0.0,0.0
1951,0.0,0.0,0.0,0.0
1952,0.0,0.0,0.0,0.0
1953,0.0,0.0,0.0,0.0
1954,0.0,0.0,0.0,0.0
1955,0.0,0.0,0.0,0.0
1956,0.0,0.0,0.0,0.0
1957,0.0,0.0,0.0,0.0
1958,0.0,0.0,0.0,0.0
1959,0.0,0.0,0.0,0.0
1960,0.0,0.0,0.0,0.0
1961,0.0,0.0,0.0,0.0
1962,0.0,0.0,0.0,0.0
1963,0.0,0.0,0.0,0.0
1964,0.0,0.0,0.0,0.0
1965,0.0,0.0,0.0,0.0
1966,0.0,0.0,0.0,0.0
1967,0.0,0.0,0.0,0.0
1968,0.0,0.0,0.0,0.0
1969,0.0,0.0,0.0,0.0
1970,0.0,0.0,0.0,0.0
1971,0.0,0.0,0.0,0.0
1972,0.0,0.0,0.0,0.0
1973,0.0,0.0,0.0,0.0
1974,0.0,0.0,0.0,0.0
1975,0.0,0.0,0.0,0.0
1976,0.0,0.0,0.0,0.0
1977,0.0,0.0,0.0,0.0
1978,0.0,0.0,0.0,0.0
1979,0.0,0.0,0.0,0.0
1980,0.0,0.0,0.0,0.0
1981,0.0,0.0,0.0,0.0
1982,0.0,0.0,0.0,0.0
1983,0.0,0.0,0.0,0.0
1984,0.0,0.0,0.0,0.0
1985,0.0,0.0,0.0,0.0
1986,0.0,0.0,0.0,0.0
1987,0.0,0.0,0.0,0.0
1988,0.0,0.0,0.0,0.0
1989,0.0,0.0,0.0,0.0
1990,0.0,0.0,0.0,0.0
1991,0.0,0.0,0.0,0.0
1992,0.0,0.0,0.0,0.0
1993,0.0,0.0,0.0,0.0
1994,0.0,0.0,0.0,0.0
1995,0.0,0.0,0.0,0.0
1996,0.0,0.0,0.0,0.0
1997,0.0,0.0,0.0,0.0
1998,0.0,0.0,0.0,0.0
1999,0.0,0.0,0.0,0.0
