episode,length,time,reward,delta
0,500.0,0.08521500000006199,-3075.0,-0.04146902740875591
1,500.0,0.08187899999984438,-3867.0,-0.03157133164171655
2,500.0,0.0954140000001189,-3273.0,-0.00967070989100538
3,280.0,0.05780000000004293,-1566.0,100.00019862503116
4,228.0,0.04760200000009718,-1118.0,50.00009931251558
5,418.0,0.07676300000002811,-2199.0,25.000049656257787
6,36.0,0.00630900000010115,64.0,12.500024828128886
7,151.0,0.023633000000018,-1041.0,6.250012414064443
8,40.0,0.006969000000026426,-138.0,3.1250062070322144
9,125.0,0.018140000000130385,-520.0,1.5625031035161072
10,35.0,0.006478000000015527,-34.0,0.7812515517580607
11,177.0,0.03613000000018474,-1067.0,0.39062577587903036
12,76.0,0.011702999999897656,-471.0,0.19531288793950807
13,64.0,0.012559000000010201,-360.0,0.09765644396975404
14,23.0,0.004417999999986932,77.0,0.04882822198487702
15,23.0,0.005223999999998341,77.0,0.02441411099243851
16,62.0,0.009919999999965512,-160.0,0.012207055496219255
17,23.0,0.004633000000012544,77.0,0.006103527748109627
18,93.0,0.018892999999934545,-587.0,0.0030517638740548136
19,39.0,0.007522999999991953,-38.0,0.0015258819370274068
20,24.0,0.0053350000000591535,76.0,0.0007629409685137034
21,58.0,0.010418999999956213,-255.0,0.0003814704842568517
22,107.0,0.01890400000002046,-898.0,0.00019073524212842585
23,37.0,0.00525300000003881,63.0,9.536762107131835e-05
24,37.0,0.005832000000054904,63.0,4.768381053565918e-05
25,56.0,0.009573999999929583,-253.0,2.384190526072416e-05
26,21.0,0.002821999999923719,-20.0,1.192095263036208e-05
27,22.0,0.004447000000027401,78.0,5.96047631518104e-06
28,57.0,0.010238999999955922,-155.0,2.9802381504850928e-06
29,78.0,0.013644999999996799,-275.0,1.4901190752425464e-06
30,63.0,0.010988999999881344,-260.0,7.450595376212732e-07
31,80.0,0.013792999999850508,-277.0,3.725297688106366e-07
32,18.0,0.0036719999998240382,82.0,1.862648844053183e-07
33,131.0,0.022245999999995547,-526.0,9.313244220265915e-08
34,61.0,0.008989000000156011,-258.0,4.656621399590222e-08
35,49.0,0.00836000000003878,-147.0,2.328310699795111e-08
36,56.0,0.009434999999939464,-154.0,1.1641560604402912e-08
37,35.0,0.006588999999848966,65.0,5.820780302201456e-09
38,37.0,0.006501999999954933,-135.0,2.9103830456733704e-09
39,21.0,0.002652000000125554,-20.0,1.4551915228366852e-09
40,41.0,0.006855999999970663,-139.0,7.275957614183426e-10
41,39.0,0.006937999999991007,-38.0,3.637978807091713e-10
42,58.0,0.009764000000132,-57.0,1.8189894035458565e-10
43,30.0,0.004979999999932261,70.0,9.094947017729282e-11
44,28.0,0.00492900000017471,72.0,4.547473508864641e-11
45,23.0,0.004263000000037209,-121.0,2.2737367544323206e-11
46,21.0,0.0036950000001070293,-20.0,1.1368683772161603e-11
47,52.0,0.008684000000130254,-150.0,5.6843418860808015e-12
48,64.0,0.009686999999985346,-261.0,2.8421709430404007e-12
49,63.0,0.009722999999894455,-260.0,1.4210854715202004e-12
50,23.0,0.003298999999969965,77.0,7.105427357601002e-13
51,41.0,0.006356999999979962,-337.0,3.552713678800501e-13
52,20.0,0.003793000000086977,80.0,1.7053025658242404e-13
53,27.0,0.004631999999901382,73.0,8.526512829121202e-14
54,22.0,0.004359999999905995,78.0,4.263256414560601e-14
55,58.0,0.009732999999869207,-57.0,2.842170943040401e-14
56,20.0,0.0033690000000206055,80.0,1.4210854715202004e-14
57,27.0,0.004228000000011889,73.0,0.0
58,28.0,0.004794999999830907,-27.0,0.0
59,43.0,0.0068490000001020235,-42.0,0.0
60,18.0,0.0031139999998686108,82.0,0.0
61,36.0,0.005736999999953696,-134.0,0.0
62,105.0,0.014754999999922802,-698.0,0.0
63,87.0,0.013618999999835069,-482.0,0.0
64,19.0,0.003453999999919688,81.0,0.0
65,56.0,0.009446999999909167,-154.0,0.0
66,31.0,0.005529000000024098,-30.0,0.0
67,67.0,0.009468999999853622,-363.0,0.0
68,24.0,0.0045769999999265565,76.0,0.0
69,19.0,0.0016949999999269494,81.0,0.0
70,24.0,0.004060999999865089,76.0,0.0
71,56.0,0.00856700000008459,-352.0,0.0
72,76.0,0.010117000000036569,-273.0,0.0
73,22.0,0.0019560000000637956,78.0,0.0
74,48.0,0.0054139999999733845,-146.0,0.0
75,16.0,0.0015690000000176951,84.0,0.0
76,20.0,0.0017949999999018473,80.0,0.0
77,57.0,0.009121000000050117,-254.0,0.0
78,46.0,0.005755000000135624,-144.0,0.0
79,34.0,0.004738999999972293,-33.0,0.0
80,21.0,0.0026909999999134016,-20.0,0.0
81,75.0,0.011416000000053828,-272.0,0.0
82,31.0,0.005206000000043787,-30.0,0.0
83,26.0,0.004397999999810054,74.0,0.0
84,31.0,0.004705999999941923,69.0,0.0
85,24.0,0.003238000000010288,-23.0,0.0
86,20.0,0.00264300000003459,80.0,0.0
87,28.0,0.0037279999999100255,-27.0,0.0
88,32.0,0.0034389999998438725,-31.0,0.0
89,20.0,0.002073999999993248,80.0,0.0
90,27.0,0.0037599999998292333,73.0,0.0
91,37.0,0.004527999999936583,-36.0,0.0
92,26.0,0.004077000000052067,74.0,0.0
93,47.0,0.006043000000090615,-46.0,0.0
94,57.0,0.006131999999979598,-254.0,0.0
95,40.0,0.006277999999838357,-138.0,0.0
96,37.0,0.0039300000000821456,-36.0,0.0
97,22.0,0.003737999999884778,78.0,0.0
98,32.0,0.005094000000099186,-130.0,0.0
99,45.0,0.006277000000181943,-242.0,0.0
100,42.0,0.004621000000042841,-140.0,0.0
101,16.0,0.0013780000001588633,84.0,0.0
102,18.0,0.0022469999998975254,82.0,0.0
103,20.0,0.0032169999999496213,80.0,0.0
104,24.0,0.003760000000056607,-23.0,0.0
105,23.0,0.00363799999990988,77.0,0.0
106,33.0,0.005125000000134605,-32.0,0.0
107,68.0,0.008552000000008775,-265.0,0.0
108,21.0,0.0022200000000793807,79.0,0.0
109,20.0,0.00179800000000796,80.0,0.0
110,19.0,0.00212399999986701,-117.0,0.0
111,29.0,0.0038170000000263826,-28.0,0.0
112,21.0,0.002089999999952852,79.0,0.0
113,21.0,0.0018760000000384025,79.0,0.0
114,27.0,0.00338699999997516,73.0,0.0
115,17.0,0.00327200000015182,83.0,0.0
116,74.0,0.008735000000115178,-271.0,0.0
117,35.0,0.0029590000001462613,-133.0,0.0
118,103.0,0.009090000000014697,-795.0,0.0
119,18.0,0.0022100000001046283,82.0,0.0
120,26.0,0.00236599999993814,74.0,0.0
121,43.0,0.003963999999996304,-42.0,0.0
122,21.0,0.0019720000000233995,79.0,0.0
123,20.0,0.002312999999958265,80.0,0.0
124,17.0,0.0019810000001143635,83.0,0.0
125,51.0,0.0072880000000168366,-248.0,0.0
126,19.0,0.0022469999998975254,81.0,0.0
127,36.0,0.006319000000075903,-134.0,0.0
128,18.0,0.00325299999985873,82.0,0.0
129,19.0,0.003040999999939231,81.0,0.0
130,26.0,0.004540000000133659,74.0,0.0
131,35.0,0.006243999999924199,-133.0,0.0
132,48.0,0.008478999999852022,-47.0,0.0
133,20.0,0.00381399999992027,80.0,0.0
134,40.0,0.006427999999914391,-39.0,0.0
135,25.0,0.0039869999998245476,75.0,0.0
136,21.0,0.0030959999999140564,-20.0,0.0
137,26.0,0.004417999999986932,-25.0,0.0
138,23.0,0.0039159999998901185,77.0,0.0
139,38.0,0.005476999999928012,-37.0,0.0
140,38.0,0.0048749999998563,-37.0,0.0
141,24.0,0.0027830000001358712,76.0,0.0
142,37.0,0.004777000000103726,-36.0,0.0
143,31.0,0.005515999999943233,-30.0,0.0
144,41.0,0.004251000000067506,-40.0,0.0
145,23.0,0.00244099999986247,77.0,0.0
146,108.0,0.010882999999921594,-404.0,0.0
147,23.0,0.003473999999869193,77.0,0.0
148,17.0,0.0025830000001860753,83.0,0.0
149,45.0,0.004480000000057771,-242.0,0.0
150,19.0,0.0023320000000239816,81.0,0.0
151,74.0,0.011708999999882508,-271.0,0.0
152,22.0,0.002168999999867083,78.0,0.0
153,34.0,0.0030169999999998254,-33.0,0.0
154,65.0,0.0060659999999188585,-163.0,0.0
155,22.0,0.0022599999999783904,78.0,0.0
156,19.0,0.0024909999999636057,81.0,0.0
157,20.0,0.0018540000000939472,-19.0,0.0
158,17.0,0.0018170000000736763,83.0,0.0
159,18.0,0.002991000000065469,-17.0,0.0
160,45.0,0.004296000000067579,-143.0,0.0
161,33.0,0.0028620000000501022,-32.0,0.0
162,57.0,0.00951800000007097,-254.0,0.0
163,18.0,0.002738999999792213,-17.0,0.0
164,14.0,0.0023019999998723506,86.0,0.0
165,25.0,0.004080999999814594,-222.0,0.0
166,19.0,0.0034949999999298598,81.0,0.0
167,18.0,0.0028980000001865847,82.0,0.0
168,38.0,0.006188999999949374,-136.0,0.0
169,21.0,0.00381399999992027,79.0,0.0
170,32.0,0.002724000000171145,-31.0,0.0
171,19.0,0.002264000000195665,81.0,0.0
172,19.0,0.003249999999979991,-18.0,0.0
173,56.0,0.005222000000003391,-550.0,0.0
174,20.0,0.003911000000016429,-19.0,0.0
175,15.0,0.002529999999978827,85.0,0.0
176,18.0,0.0032519999999749416,82.0,0.0
177,25.0,0.004090000000132932,75.0,0.0
178,37.0,0.006365000000187138,-135.0,0.0
179,21.0,0.003478999999970256,-20.0,0.0
180,20.0,0.003408000000035827,80.0,0.0
181,56.0,0.009376999999858526,-253.0,0.0
182,14.0,0.0023570000000745495,86.0,0.0
183,18.0,0.0030440000000453438,82.0,0.0
184,15.0,0.0025149999999030115,85.0,0.0
185,49.0,0.00649199999998018,-147.0,0.0
186,17.0,0.0026580000001104054,83.0,0.0
187,14.0,0.0029709999998885905,86.0,0.0
188,15.0,0.0028890000000956206,85.0,0.0
189,18.0,0.0038540000000466534,82.0,0.0
190,74.0,0.013965000000098371,-271.0,0.0
191,17.0,0.003742999999985841,83.0,0.0
192,39.0,0.00818000000003849,-38.0,0.0
193,70.0,0.013554999999996653,-465.0,0.0
194,31.0,0.007072000000107437,-30.0,0.0
195,14.0,0.002732000000150947,86.0,0.0
196,43.0,0.008554999999887514,-42.0,0.0
197,14.0,0.0024280000000089785,86.0,0.0
198,20.0,0.0030679999999847496,80.0,0.0
199,20.0,0.0036239999999452266,-118.0,0.0
200,18.0,0.0032919999998739513,82.0,0.0
201,48.0,0.00808999999981097,-47.0,0.0
202,24.0,0.0029540000000451982,-23.0,0.0
203,14.0,0.0024420000002010056,86.0,0.0
204,14.0,0.0025149999999030115,86.0,0.0
205,20.0,0.003473999999869193,80.0,0.0
206,20.0,0.0022440000000187865,80.0,0.0
207,14.0,0.002287999999907697,86.0,0.0
208,20.0,0.0033220000000255823,-118.0,0.0
209,15.0,0.0013109999999869615,85.0,0.0
210,14.0,0.002327000000150292,86.0,0.0
211,16.0,0.0028409999999894353,84.0,0.0
212,18.0,0.0030090000000200234,82.0,0.0
213,14.0,0.001347000000123444,86.0,0.0
214,14.0,0.002651000000014392,86.0,0.0
215,15.0,0.0028999999999541615,85.0,0.0
216,17.0,0.0028940000001966837,83.0,0.0
217,25.0,0.003776000000016211,-24.0,0.0
218,19.0,0.0035799999998289422,81.0,0.0
219,38.0,0.006108999999923981,-37.0,0.0
220,16.0,0.0029789999998683925,84.0,0.0
221,14.0,0.0028720000000248547,86.0,0.0
222,22.0,0.00406299999986004,78.0,0.0
223,17.0,0.0016540000001441513,83.0,0.0
224,19.0,0.00161500000012893,81.0,0.0
225,18.0,0.0015240000000176224,-17.0,0.0
226,24.0,0.0039209999999911815,-122.0,0.0
227,14.0,0.0013109999999869615,86.0,0.0
228,35.0,0.00653199999987919,-34.0,0.0
229,14.0,0.0032179999998334097,86.0,0.0
230,17.0,0.0031420000000252912,83.0,0.0
231,49.0,0.008296000000200365,-246.0,0.0
232,52.0,0.0111370000001898,-150.0,0.0
233,14.0,0.002793999999994412,86.0,0.0
234,14.0,0.0029090000000451255,86.0,0.0
235,41.0,0.006592999999838867,-40.0,0.0
236,14.0,0.0025399999999535794,86.0,0.0
237,14.0,0.0025189999998929125,86.0,0.0
238,32.0,0.006233999999949447,-31.0,0.0
239,15.0,0.003731000000016138,85.0,0.0
240,15.0,0.002957000000151311,85.0,0.0
241,29.0,0.004597999999987223,-28.0,0.0
242,16.0,0.003273999999919397,84.0,0.0
243,16.0,0.002987000000075568,84.0,0.0
244,30.0,0.005480000000034124,-29.0,0.0
245,46.0,0.0083910000000742,-144.0,0.0
246,14.0,0.0013810000000376021,86.0,0.0
247,14.0,0.0020010000000638684,86.0,0.0
248,18.0,0.0041999999998552084,82.0,0.0
249,31.0,0.0051539999999477,-129.0,0.0
250,74.0,0.014341000000058557,-271.0,0.0
251,15.0,0.003193999999894004,85.0,0.0
252,14.0,0.0027529999999842403,86.0,0.0
253,18.0,0.004539000000022497,82.0,0.0
254,16.0,0.0035729999999603024,84.0,0.0
255,16.0,0.0029420000000754953,84.0,0.0
256,20.0,0.003940999999940686,80.0,0.0
257,72.0,0.01480400000014015,-467.0,0.0
258,15.0,0.003525999999965279,85.0,0.0
259,14.0,0.002708999999867956,86.0,0.0
260,37.0,0.007319000000052256,-135.0,0.0
261,16.0,0.0034639999998944404,84.0,0.0
262,20.0,0.0037320000001273,80.0,0.0
263,31.0,0.005374999999958163,-30.0,0.0
264,14.0,0.0022759999999379943,86.0,0.0
265,18.0,0.003325000000131695,82.0,0.0
266,15.0,0.0023699999999280408,85.0,0.0
267,18.0,0.0027569999999741412,82.0,0.0
268,15.0,0.0023820000001251174,85.0,0.0
269,16.0,0.002444999999852371,84.0,0.0
270,20.0,0.0034290000000964937,-19.0,0.0
271,18.0,0.002878000000009706,82.0,0.0
272,14.0,0.0026399999999284773,86.0,0.0
273,51.0,0.009281000000100903,-149.0,0.0
274,25.0,0.0043180000000120344,-24.0,0.0
275,23.0,0.0033200000000306318,77.0,0.0
276,24.0,0.0052680000001146254,76.0,0.0
277,14.0,0.0026359999999385764,86.0,0.0
278,49.0,0.009428000000070824,-48.0,0.0
279,14.0,0.0026399999999284773,86.0,0.0
280,37.0,0.006936999999879845,-135.0,0.0
281,15.0,0.0033320000000003347,85.0,0.0
282,14.0,0.0030249999999796273,86.0,0.0
283,16.0,0.0030869999998230924,84.0,0.0
284,16.0,0.002947999999832973,84.0,0.0
285,16.0,0.0030770000000757136,84.0,0.0
286,80.0,0.01404099999990649,-277.0,0.0
287,18.0,0.003901999999925465,82.0,0.0
288,18.0,0.003160999999863634,82.0,0.0
289,76.0,0.01350600000000668,-372.0,0.0
290,14.0,0.0015550000000530417,86.0,0.0
291,14.0,0.0014989999999670545,86.0,0.0
292,16.0,0.0016359999999622232,84.0,0.0
293,29.0,0.004077000000052067,-28.0,0.0
294,18.0,0.003555000000005748,82.0,0.0
295,17.0,0.003666999999950349,83.0,0.0
296,14.0,0.002923000000009779,86.0,0.0
297,17.0,0.0033559999999397405,83.0,0.0
298,22.0,0.0027090000000953296,-21.0,0.0
299,14.0,0.0024139999998169515,86.0,0.0
300,15.0,0.0027239999999437714,85.0,0.0
301,52.0,0.006845999999995911,-150.0,0.0
302,105.0,0.016451999999844702,-401.0,0.0
303,18.0,0.003657999999859385,82.0,0.0
304,16.0,0.002768999999943844,84.0,0.0
305,21.0,0.004059999999981301,-20.0,0.0
306,22.0,0.0022819999999228457,-21.0,0.0
307,16.0,0.0037529999999605934,84.0,0.0
308,15.0,0.0027050000001054286,85.0,0.0
309,16.0,0.002988999999843145,84.0,0.0
310,16.0,0.003267000000050757,84.0,0.0
311,18.0,0.0034570000000258005,82.0,0.0
312,15.0,0.0028359999998883723,85.0,0.0
313,16.0,0.0027680000000600558,84.0,0.0
314,20.0,0.0038970000000517757,-19.0,0.0
315,25.0,0.00461700000005294,-24.0,0.0
316,14.0,0.0027880000000095606,86.0,0.0
317,20.0,0.003437999999960084,80.0,0.0
318,20.0,0.0035740000000714645,80.0,0.0
319,16.0,0.00292699999999968,84.0,0.0
320,15.0,0.0027420000001256994,85.0,0.0
321,14.0,0.002637999999933527,86.0,0.0
322,28.0,0.004906000000119093,-27.0,0.0
323,45.0,0.00745199999983015,-143.0,0.0
324,15.0,0.0026700000000801083,85.0,0.0
325,18.0,0.003269999999929496,82.0,0.0
326,14.0,0.002881999999999607,86.0,0.0
327,22.0,0.0037319999998999265,-21.0,0.0
328,15.0,0.0025450000000546424,85.0,0.0
329,16.0,0.0028300000001308945,84.0,0.0
330,14.0,0.0022510000001148,86.0,0.0
331,14.0,0.0029209999997874547,86.0,0.0
332,19.0,0.0029329999999845313,81.0,0.0
333,16.0,0.002748000000110551,84.0,0.0
334,16.0,0.0030420000000503933,84.0,0.0
335,31.0,0.005267999999887252,-30.0,0.0
336,17.0,0.0028669999999237916,-16.0,0.0
337,16.0,0.0030420000000503933,84.0,0.0
338,28.0,0.005349999999907595,-27.0,0.0
339,34.0,0.006077999999888561,-132.0,0.0
340,16.0,0.0028119999999489664,84.0,0.0
341,18.0,0.003341999999975087,82.0,0.0
342,28.0,0.00463099999979022,-27.0,0.0
343,27.0,0.005094000000099186,-26.0,0.0
344,44.0,0.007344000000102824,-142.0,0.0
345,14.0,0.002580999999963751,86.0,0.0
346,17.0,0.003005999999913911,83.0,0.0
347,67.0,0.01141900000015994,-264.0,0.0
348,15.0,0.0013599999999769352,85.0,0.0
349,16.0,0.0015089999999418069,84.0,0.0
350,18.0,0.002079000000094311,82.0,0.0
351,16.0,0.0026229999998577114,84.0,0.0
352,57.0,0.009109999999964202,-56.0,0.0
353,32.0,0.005840000000034706,-31.0,0.0
354,16.0,0.002703000000110478,84.0,0.0
355,33.0,0.0057939999999234715,-131.0,0.0
356,16.0,0.0016259999999874708,84.0,0.0
357,38.0,0.005702000000155749,-37.0,0.0
358,14.0,0.0023759999999128922,86.0,0.0
359,17.0,0.0027699999998276326,83.0,0.0
360,14.0,0.0016330000000834843,86.0,0.0
361,18.0,0.0023570000000745495,-17.0,0.0
362,15.0,0.0031060000001161825,85.0,0.0
363,14.0,0.002518000000009124,86.0,0.0
364,15.0,0.0027720000000499567,85.0,0.0
365,41.0,0.005723999999872831,-139.0,0.0
366,27.0,0.0021850000000540604,-26.0,0.0
367,14.0,0.0014599999999518332,86.0,0.0
368,14.0,0.002420999999912965,86.0,0.0
369,21.0,0.0038449999999556894,-20.0,0.0
370,14.0,0.0029419999998481217,86.0,0.0
371,16.0,0.00208199999997305,84.0,0.0
372,17.0,0.0034370000000762957,83.0,0.0
373,15.0,0.003555000000005748,85.0,0.0
374,16.0,0.0035239999999703286,84.0,0.0
375,27.0,0.004946999999901891,-26.0,0.0
376,18.0,0.0037839999999960128,82.0,0.0
377,14.0,0.0017410000000381842,86.0,0.0
378,15.0,0.0021690000000944565,85.0,0.0
379,14.0,0.0034769999999753054,86.0,0.0
380,17.0,0.004145000000107757,83.0,0.0
381,17.0,0.0038170000000263826,83.0,0.0
382,21.0,0.0035490000000208966,79.0,0.0
383,26.0,0.0033719999998993444,-25.0,0.0
384,18.0,0.002027999999882013,82.0,0.0
385,18.0,0.0018580000000838481,82.0,0.0
386,17.0,0.0018050000001039734,83.0,0.0
387,14.0,0.0023629999998320272,86.0,0.0
388,17.0,0.0025509999998121202,83.0,0.0
389,16.0,0.0031599999999798456,84.0,0.0
390,20.0,0.004740000000083455,80.0,0.0
391,26.0,0.004695999999967171,-25.0,0.0
392,14.0,0.001483999999891239,86.0,0.0
393,20.0,0.0025960000000395667,-118.0,0.0
394,16.0,0.0019600000000536966,84.0,0.0
395,16.0,0.0017569999999977881,84.0,0.0
396,14.0,0.001870000000053551,86.0,0.0
397,14.0,0.002733999999918524,86.0,0.0
398,18.0,0.0038120000001526932,82.0,0.0
399,28.0,0.0049529999998867424,-27.0,0.0
400,17.0,0.0031440000000202417,83.0,0.0
401,14.0,0.0025820000000749133,86.0,0.0
402,15.0,0.0028540000000703003,85.0,0.0
403,18.0,0.003293000000212487,-17.0,0.0
404,17.0,0.0029449999999542342,83.0,0.0
405,17.0,0.0025370000000748405,83.0,0.0
406,14.0,0.0028839999999945576,86.0,0.0
407,15.0,0.002964999999903739,85.0,0.0
408,23.0,0.0022179999998570565,77.0,0.0
409,14.0,0.0014329999999063148,86.0,0.0
410,28.0,0.004571000000169079,-27.0,0.0
411,16.0,0.0027760000000398577,84.0,0.0
412,15.0,0.0027669999999488937,85.0,0.0
413,14.0,0.00252800000021125,86.0,0.0
414,22.0,0.002715000000080181,78.0,0.0
415,14.0,0.0027919999999994616,86.0,0.0
416,19.0,0.003796999999849504,81.0,0.0
417,16.0,0.002985999999964406,84.0,0.0
418,17.0,0.0027840000000196596,-16.0,0.0
419,15.0,0.002451000000064596,85.0,0.0
420,15.0,0.0018190000000686268,85.0,0.0
421,19.0,0.0018279999999322172,-18.0,0.0
422,16.0,0.0015630000000328437,84.0,0.0
423,14.0,0.001327000000173939,86.0,0.0
424,14.0,0.0023739999999179418,86.0,0.0
425,19.0,0.003975000000082218,81.0,0.0
426,35.0,0.005800000000135697,-34.0,0.0
427,14.0,0.0025599999999030842,86.0,0.0
428,15.0,0.002746999999999389,85.0,0.0
429,35.0,0.004950999999891792,-133.0,0.0
430,14.0,0.0015739999998913845,86.0,0.0
431,15.0,0.0014090000001942826,85.0,0.0
432,16.0,0.0022719999999480933,84.0,0.0
433,15.0,0.001672999999982494,85.0,0.0
434,30.0,0.0026119999999991705,-29.0,0.0
435,20.0,0.003018999999994776,-19.0,0.0
436,21.0,0.0022269999999480206,-119.0,0.0
437,16.0,0.0015559999999368301,84.0,0.0
438,14.0,0.0013570000000981963,86.0,0.0
439,18.0,0.0035860000000411674,82.0,0.0
440,18.0,0.002727000000049884,82.0,0.0
441,53.0,0.006468999999924563,-52.0,0.0
442,14.0,0.0021639999999933934,86.0,0.0
443,16.0,0.0027269999998225103,84.0,0.0
444,46.0,0.006568000000015672,-144.0,0.0
445,16.0,0.0028460000000904984,84.0,0.0
446,14.0,0.0025239999999939755,86.0,0.0
447,14.0,0.0024160000000392756,86.0,0.0
448,18.0,0.0019179999999323627,82.0,0.0
449,49.0,0.007116999999880136,-48.0,0.0
450,16.0,0.00292699999999968,84.0,0.0
451,33.0,0.0038380000000870496,-32.0,0.0
452,14.0,0.0029340000000956934,86.0,0.0
453,27.0,0.00553899999999885,-26.0,0.0
454,17.0,0.0019039999999677093,83.0,0.0
455,26.0,0.0026669999999739957,-124.0,0.0
456,16.0,0.002271000000064305,84.0,0.0
457,16.0,0.0025859999998374406,84.0,0.0
458,18.0,0.0020879999999579013,82.0,0.0
459,14.0,0.0020360000000891887,86.0,0.0
460,14.0,0.0013030000000071595,86.0,0.0
461,14.0,0.0013800000001538137,86.0,0.0
462,86.0,0.008471999999983382,-283.0,0.0
463,46.0,0.004545000000007349,-144.0,0.0
464,29.0,0.004627999999911481,-28.0,0.0
465,23.0,0.0036909999998897547,77.0,0.0
466,16.0,0.002428999999892767,84.0,0.0
467,33.0,0.00525999999990745,-32.0,0.0
468,14.0,0.0026330000000598375,86.0,0.0
469,14.0,0.002339000000119995,86.0,0.0
470,16.0,0.002856999999949039,84.0,0.0
471,18.0,0.0030799999999544525,82.0,0.0
472,49.0,0.008252000000084081,-147.0,0.0
473,14.0,0.001890000000003056,86.0,0.0
474,14.0,0.0021269999999731226,86.0,0.0
475,14.0,0.0012349999999514694,86.0,0.0
476,14.0,0.0024610000000393484,86.0,0.0
477,16.0,0.0029730000001109147,84.0,0.0
478,32.0,0.0053480000001400185,-31.0,0.0
479,73.0,0.012985000000071523,-369.0,0.0
480,14.0,0.0025160000000141736,86.0,0.0
481,16.0,0.002790000000004511,84.0,0.0
482,14.0,0.0026960000000144646,86.0,0.0
483,49.0,0.007871000000022832,-246.0,0.0
484,17.0,0.0017829999999321444,-16.0,0.0
485,30.0,0.005210000000033688,-29.0,0.0
486,14.0,0.002768999999943844,86.0,0.0
487,16.0,0.0029909999998380954,84.0,0.0
488,14.0,0.0026410000000396394,86.0,0.0
489,31.0,0.005634000000100059,-30.0,0.0
490,14.0,0.0027419999998983258,86.0,0.0
491,16.0,0.0028380000001106964,84.0,0.0
492,26.0,0.005388999999922817,-25.0,0.0
493,51.0,0.009086000000024796,-50.0,0.0
494,26.0,0.004977000000053522,-25.0,0.0
495,14.0,0.0027589999999690917,86.0,0.0
496,14.0,0.0029719999999997526,86.0,0.0
497,16.0,0.002988999999843145,84.0,0.0
498,39.0,0.007272999999941021,-38.0,0.0
499,14.0,0.0029509999999390857,86.0,0.0
500,16.0,0.0031140000000959844,84.0,0.0
501,14.0,0.002913999999918815,86.0,0.0
502,16.0,0.0034929999999349093,84.0,0.0
503,15.0,0.0034279999999853317,85.0,0.0
504,17.0,0.0029090000000451255,83.0,0.0
505,16.0,0.002874000000019805,84.0,0.0
506,17.0,0.003307999999833555,83.0,0.0
507,15.0,0.0029389999999693828,85.0,0.0
508,14.0,0.0028159999999388674,86.0,0.0
509,14.0,0.002468000000135362,86.0,0.0
510,14.0,0.002208999999993466,86.0,0.0
511,14.0,0.0022650000000794535,86.0,0.0
512,14.0,0.0015330000001085864,86.0,0.0
513,14.0,0.0026330000000598375,86.0,0.0
514,39.0,0.007252000000107728,-137.0,0.0
515,15.0,0.0027589999999690917,85.0,0.0
516,17.0,0.00348800000006122,83.0,0.0
517,14.0,0.002184000000170272,86.0,0.0
518,14.0,0.003081999999949403,86.0,0.0
519,14.0,0.0032100000000809814,86.0,0.0
520,14.0,0.0032740000001467706,86.0,0.0
521,14.0,0.0037839999999960128,86.0,0.0
522,15.0,0.003616999999849213,85.0,0.0
523,14.0,0.0035100000000056752,86.0,0.0
524,16.0,0.0035900000000310683,84.0,0.0
525,14.0,0.001964999999927386,86.0,0.0
526,38.0,0.007346000000097774,-37.0,0.0
527,14.0,0.0029970000000503205,86.0,0.0
528,18.0,0.0035229999998591666,82.0,0.0
529,19.0,0.00370599999996557,81.0,0.0
530,56.0,0.008734000000004016,-55.0,0.0
531,14.0,0.003068999999868538,86.0,0.0
532,16.0,0.0036740000000463624,84.0,0.0
533,18.0,0.003978999999844746,-17.0,0.0
534,17.0,0.003068999999868538,-16.0,0.0
535,18.0,0.0035439999999198335,82.0,0.0
536,14.0,0.0031469999998989806,86.0,0.0
537,36.0,0.006033999999999651,-233.0,0.0
538,20.0,0.0040209999999660795,80.0,0.0
539,14.0,0.0022850000000289583,86.0,0.0
540,14.0,0.0013619999999718857,86.0,0.0
541,14.0,0.003311999999823456,86.0,0.0
542,27.0,0.004069999999956053,-26.0,0.0
543,45.0,0.007055999999920459,-143.0,0.0
544,14.0,0.002576000000090062,86.0,0.0
545,14.0,0.0028330000000096334,86.0,0.0
546,14.0,0.0026410000000396394,86.0,0.0
547,16.0,0.002962000000025,84.0,0.0
548,15.0,0.003283000000010361,85.0,0.0
549,20.0,0.0038839999999709107,80.0,0.0
550,16.0,0.0030460000000402943,84.0,0.0
551,14.0,0.002835000000004584,86.0,0.0
552,16.0,0.003623000000061438,84.0,0.0
553,14.0,0.0024160000000392756,86.0,0.0
554,18.0,0.004481000000168933,82.0,0.0
555,18.0,0.0031799999999293505,82.0,0.0
556,14.0,0.0019429999999829306,86.0,0.0
557,30.0,0.0042669999997997365,-29.0,0.0
558,14.0,0.00240099999996346,86.0,0.0
559,14.0,0.002700999999888154,86.0,0.0
560,15.0,0.0029250000000047294,85.0,0.0
561,17.0,0.002821999999923719,83.0,0.0
562,14.0,0.0024069999999483116,86.0,0.0
563,16.0,0.0029560000000401487,84.0,0.0
564,24.0,0.004220000000032087,-23.0,0.0
565,14.0,0.0026170000001002336,86.0,0.0
566,14.0,0.0024399999999786814,86.0,0.0
567,14.0,0.002760000000080254,86.0,0.0
568,19.0,0.0036870000001272274,81.0,0.0
569,14.0,0.0029810000000907166,86.0,0.0
570,16.0,0.003330000000005384,84.0,0.0
571,15.0,0.00288700000010067,85.0,0.0
572,14.0,0.0024949999999535066,86.0,0.0
573,16.0,0.0039480000000367,84.0,0.0
574,14.0,0.00274400000012065,86.0,0.0
575,16.0,0.003132999999934327,84.0,0.0
576,35.0,0.007179999999834763,-133.0,0.0
577,14.0,0.0024349999998776184,86.0,0.0
578,18.0,0.0029389999999693828,82.0,0.0
579,14.0,0.0013320000000476284,86.0,0.0
580,16.0,0.002418000000034226,84.0,0.0
581,16.0,0.0026850000001559238,84.0,0.0
582,15.0,0.0029339999998683197,85.0,0.0
583,16.0,0.002930999999989581,84.0,0.0
584,14.0,0.0030389999999442807,86.0,0.0
585,14.0,0.0029469999999491847,86.0,0.0
586,14.0,0.0027540000000954024,86.0,0.0
587,16.0,0.003392000000076223,84.0,0.0
588,15.0,0.0027450000000044383,85.0,0.0
589,14.0,0.0018000000000029104,86.0,0.0
590,16.0,0.0020730000001094595,84.0,0.0
591,14.0,0.002815000000055079,86.0,0.0
592,47.0,0.009326999999984764,-46.0,0.0
593,15.0,0.002613999999994121,85.0,0.0
594,14.0,0.002560000000130458,86.0,0.0
595,19.0,0.003409000000146989,81.0,0.0
596,14.0,0.0025479999999333813,86.0,0.0
597,18.0,0.002960999999913838,-17.0,0.0
598,14.0,0.0023360000000138825,86.0,0.0
599,16.0,0.0030380000000604923,84.0,0.0
600,14.0,0.002623000000085085,86.0,0.0
601,16.0,0.001686000000063359,84.0,0.0
602,21.0,0.003914000000122542,79.0,0.0
603,14.0,0.002345999999988635,86.0,0.0
604,14.0,0.0023949999999786087,86.0,0.0
605,18.0,0.0025880000000597647,82.0,0.0
606,19.0,0.0031159999998635612,-18.0,0.0
607,22.0,0.002500999999938358,78.0,0.0
608,14.0,0.002774000000044907,86.0,0.0
609,14.0,0.002451000000064596,86.0,0.0
610,16.0,0.0032429999998839776,84.0,0.0
611,14.0,0.0026080000000092696,86.0,0.0
612,14.0,0.00304399999981797,86.0,0.0
613,14.0,0.0023770000000240543,86.0,0.0
614,16.0,0.0025599999999030842,84.0,0.0
615,16.0,0.0019520000000738946,84.0,0.0
616,17.0,0.002531000000089989,83.0,0.0
617,14.0,0.002515000000130385,86.0,0.0
618,14.0,0.002736000000140848,86.0,0.0
619,61.0,0.010260999999900378,-60.0,0.0
620,17.0,0.0032309999999142747,83.0,0.0
621,14.0,0.0031970000000001164,86.0,0.0
622,15.0,0.003636000000142303,85.0,0.0
623,14.0,0.00236599999993814,86.0,0.0
624,14.0,0.003363000000035754,86.0,0.0
625,15.0,0.0029140000001461885,85.0,0.0
626,14.0,0.0029389999999693828,86.0,0.0
627,14.0,0.0030050000000301225,86.0,0.0
628,16.0,0.003396000000066124,84.0,0.0
629,14.0,0.0022810000000390573,86.0,0.0
630,14.0,0.002025000000003274,86.0,0.0
631,14.0,0.002713999999969019,86.0,0.0
632,18.0,0.0027109999998629064,82.0,0.0
633,67.0,0.006248000000141474,-165.0,0.0
634,14.0,0.0012509999999110732,86.0,0.0
635,15.0,0.001247000000148546,85.0,0.0
636,14.0,0.00148799999988114,86.0,0.0
637,16.0,0.0013610000000880973,84.0,0.0
638,14.0,0.0011240000001180306,86.0,0.0
639,16.0,0.0014740000001438602,84.0,0.0
640,15.0,0.0012369999999464198,85.0,0.0
641,14.0,0.0011799999999766442,86.0,0.0
642,71.0,0.0074970000000575965,-169.0,0.0
643,27.0,0.0030079999999088614,-26.0,0.0
644,14.0,0.0018260000001646404,86.0,0.0
645,14.0,0.0013779999999314896,86.0,0.0
646,14.0,0.0013249999999516149,86.0,0.0
647,16.0,0.0015909999999621505,84.0,0.0
648,16.0,0.0015319999999974243,84.0,0.0
649,16.0,0.0017419999999219726,84.0,0.0
650,14.0,0.0019210000000384753,86.0,0.0
651,14.0,0.0019149999998262501,86.0,0.0
652,16.0,0.0015459999999620777,84.0,0.0
653,14.0,0.0014559999999619322,86.0,0.0
654,37.0,0.0037109999998392595,-135.0,0.0
655,17.0,0.001768999999967491,83.0,0.0
656,14.0,0.0013019999998959975,86.0,0.0
657,17.0,0.0018190000000686268,-16.0,0.0
658,14.0,0.0012799999999515421,86.0,0.0
659,14.0,0.002801999999974214,86.0,0.0
660,14.0,0.0015610000000378932,86.0,0.0
661,16.0,0.0019879999999830034,84.0,0.0
662,14.0,0.0016789999999673455,86.0,0.0
663,14.0,0.0015220000000226719,86.0,0.0
664,14.0,0.0014690000000427972,86.0,0.0
665,15.0,0.0016209999998864077,85.0,0.0
666,29.0,0.004214999999931024,-28.0,0.0
667,27.0,0.0045729999999366555,-26.0,0.0
668,18.0,0.003911000000016429,82.0,0.0
669,14.0,0.0029199999999036663,86.0,0.0
670,15.0,0.001496999999972104,85.0,0.0
671,14.0,0.001500999999962005,86.0,0.0
672,14.0,0.002885999999989508,86.0,0.0
673,14.0,0.0025700000001052103,86.0,0.0
674,14.0,0.003373999999894295,86.0,0.0
675,27.0,0.006515000000035798,-26.0,0.0
676,14.0,0.0032179999998334097,86.0,0.0
677,15.0,0.003445999999939886,85.0,0.0
678,14.0,0.0034439999999449356,86.0,0.0
679,15.0,0.003724000000147498,-14.0,0.0
680,15.0,0.0028029999998580024,85.0,0.0
681,28.0,0.00596399999994901,-27.0,0.0
682,14.0,0.0027119999999740685,86.0,0.0
683,15.0,0.002028999999993175,85.0,0.0
684,30.0,0.00546400000007452,-29.0,0.0
685,20.0,0.0035469999997985724,80.0,0.0
686,14.0,0.0033660000001418666,86.0,0.0
687,17.0,0.0036580000000867585,83.0,0.0
688,14.0,0.0032770000000255095,86.0,0.0
689,14.0,0.0032230000001618464,86.0,0.0
690,20.0,0.0035009999999147112,80.0,0.0
691,14.0,0.0030010000000402215,86.0,0.0
692,15.0,0.003692999999884705,85.0,0.0
693,41.0,0.008800999999948544,-139.0,0.0
694,40.0,0.010273999999981243,-39.0,0.0
695,26.0,0.005773999999973967,-25.0,0.0
696,14.0,0.0031900000001314766,86.0,0.0
697,14.0,0.003229000000146698,86.0,0.0
698,18.0,0.004393000000163738,-17.0,0.0
699,16.0,0.003251000000091153,84.0,0.0
700,17.0,0.004247999999961394,83.0,0.0
701,15.0,0.001584999999977299,85.0,0.0
702,14.0,0.00290099999983795,86.0,0.0
703,14.0,0.003271000000040658,86.0,0.0
704,16.0,0.0031230000001869485,84.0,0.0
705,14.0,0.0034679999998843414,86.0,0.0
706,16.0,0.003917999999885069,84.0,0.0
707,16.0,0.004668000000037864,84.0,0.0
708,15.0,0.00334700000007615,85.0,0.0
709,17.0,0.003489000000172382,83.0,0.0
710,76.0,0.012893999999960215,-174.0,0.0
711,14.0,0.002620999999862761,86.0,0.0
712,16.0,0.0028510000001915614,84.0,0.0
713,14.0,0.002664000000095257,86.0,0.0
714,15.0,0.002658999999994194,85.0,0.0
715,15.0,0.0027119999999740685,85.0,0.0
716,14.0,0.002182999999831736,86.0,0.0
717,14.0,0.0024519999999483844,86.0,0.0
718,14.0,0.002563000000009197,86.0,0.0
719,45.0,0.009504999999990105,-143.0,0.0
720,32.0,0.006714000000101805,-31.0,0.0
721,14.0,0.002422000000024127,86.0,0.0
722,16.0,0.003249999999979991,84.0,0.0
723,14.0,0.003036000000065542,86.0,0.0
724,17.0,0.0029719999999997526,83.0,0.0
725,14.0,0.002943999999843072,86.0,0.0
726,17.0,0.003809999999930369,-16.0,0.0
727,17.0,0.004052999999885287,83.0,0.0
728,14.0,0.0026239999999688735,86.0,0.0
729,14.0,0.002246000000013737,86.0,0.0
730,26.0,0.005169000000023516,-25.0,0.0
731,14.0,0.002518000000009124,86.0,0.0
732,29.0,0.0045110000000931905,-28.0,0.0
733,14.0,0.001988000000210377,86.0,0.0
734,14.0,0.002300000000104774,86.0,0.0
735,15.0,0.0025439999999434804,85.0,0.0
736,16.0,0.002411999999822001,84.0,0.0
737,15.0,0.002295999999887499,85.0,0.0
738,15.0,0.002635000000054788,85.0,0.0
739,18.0,0.002791000000115673,82.0,0.0
740,14.0,0.0023759999999128922,86.0,0.0
741,16.0,0.0030100000001311855,84.0,0.0
742,14.0,0.002336999999897671,86.0,0.0
743,14.0,0.0023349999999027204,86.0,0.0
744,14.0,0.002904000000171436,86.0,0.0
745,14.0,0.002361999999948239,86.0,0.0
746,16.0,0.00279299999988325,84.0,0.0
747,14.0,0.002656000000115455,86.0,0.0
748,14.0,0.0029789999998683925,86.0,0.0
749,16.0,0.003061999999999898,84.0,0.0
750,15.0,0.0033490000000711007,-14.0,0.0
751,14.0,0.002729999999928623,86.0,0.0
752,15.0,0.002821999999923719,85.0,0.0
753,14.0,0.0032009999999900174,86.0,0.0
754,17.0,0.0032570000000760047,83.0,0.0
755,14.0,0.0029159999999137654,86.0,0.0
756,20.0,0.0036829999999099527,80.0,0.0
757,16.0,0.0030600000000049477,84.0,0.0
758,14.0,0.0022269999999480206,86.0,0.0
759,14.0,0.0027489999999943393,86.0,0.0
760,14.0,0.0024200000000291766,86.0,0.0
761,14.0,0.0024989999999434076,86.0,0.0
762,17.0,0.0033879999998589483,83.0,0.0
763,14.0,0.0029050000000552245,86.0,0.0
764,14.0,0.0026359999999385764,86.0,0.0
765,14.0,0.003196000000116328,86.0,0.0
766,17.0,0.003560000000106811,83.0,0.0
767,15.0,0.00263600000016595,85.0,0.0
768,18.0,0.0037830000001122244,82.0,0.0
769,14.0,0.0028010000000904256,86.0,0.0
770,14.0,0.0028159999999388674,86.0,0.0
771,14.0,0.0026439999999183783,86.0,0.0
772,60.0,0.010706999999911204,-158.0,0.0
773,26.0,0.00500200000010409,-25.0,0.0
774,14.0,0.0033370000001013977,86.0,0.0
775,14.0,0.0030829999998331914,86.0,0.0
776,14.0,0.0031930000000102154,86.0,0.0
777,15.0,0.0022360000000389846,85.0,0.0
778,14.0,0.002028999999993175,86.0,0.0
779,14.0,0.0029369999999744323,86.0,0.0
780,14.0,0.0027069999998730054,86.0,0.0
781,25.0,0.004226000000016938,-24.0,0.0
782,16.0,0.0024529999998321728,84.0,0.0
783,14.0,0.00256800000011026,86.0,0.0
784,14.0,0.0027119999999740685,86.0,0.0
785,14.0,0.002705999999989217,86.0,0.0
786,14.0,0.002640000000155851,86.0,0.0
787,15.0,0.0027850000001308217,85.0,0.0
788,14.0,0.003101999999898908,86.0,0.0
789,14.0,0.0019280000001344888,86.0,0.0
790,14.0,0.0026740000000700093,86.0,0.0
791,14.0,0.0023759999999128922,86.0,0.0
792,14.0,0.0025450000000546424,86.0,0.0
793,14.0,0.0027340000001458975,86.0,0.0
794,14.0,0.0029690000001210137,86.0,0.0
795,15.0,0.002461999999923137,-14.0,0.0
796,25.0,0.002900000000181535,-24.0,0.0
797,14.0,0.0021769999998468847,86.0,0.0
798,14.0,0.0025090000001455337,86.0,0.0
799,16.0,0.00286099999993894,84.0,0.0
800,14.0,0.0030369999999493302,86.0,0.0
801,14.0,0.0027589999999690917,86.0,0.0
802,14.0,0.0025780000000850123,86.0,0.0
803,17.0,0.004317999999784661,-16.0,0.0
804,14.0,0.0038660000000163564,86.0,0.0
805,14.0,0.002537999999958629,86.0,0.0
806,16.0,0.0034009999999398133,84.0,0.0
807,14.0,0.0028620000000501022,86.0,0.0
808,20.0,0.004672000000027765,80.0,0.0
809,14.0,0.0024769999999989523,86.0,0.0
810,16.0,0.0023610000000644504,84.0,0.0
811,14.0,0.0028449999999793363,86.0,0.0
812,14.0,0.0028079999999590655,86.0,0.0
813,14.0,0.002705999999989217,86.0,0.0
814,14.0,0.002732000000150947,86.0,0.0
815,14.0,0.002679999999827487,86.0,0.0
816,14.0,0.0025659999998879357,86.0,0.0
817,15.0,0.0028640000000450527,85.0,0.0
818,16.0,0.0027459999998882267,84.0,0.0
819,14.0,0.002088000000185275,86.0,0.0
820,14.0,0.00240099999996346,86.0,0.0
821,14.0,0.002644000000145752,86.0,0.0
822,14.0,0.002356999999847176,86.0,0.0
823,32.0,0.004811000000017884,-31.0,0.0
824,16.0,0.003220000000055734,84.0,0.0
825,14.0,0.002411999999822001,86.0,0.0
826,15.0,0.002580999999963751,85.0,0.0
827,14.0,0.002181999999947948,86.0,0.0
828,14.0,0.002507999999806998,86.0,0.0
829,17.0,0.002817999999933818,83.0,0.0
830,16.0,0.0030249999999796273,84.0,0.0
831,14.0,0.002727000000049884,86.0,0.0
832,15.0,0.0022810000000390573,85.0,0.0
833,14.0,0.0024509999998372223,86.0,0.0
834,16.0,0.0016700000001037552,84.0,0.0
835,15.0,0.002690000000029613,85.0,0.0
836,51.0,0.009356000000025233,-149.0,0.0
837,15.0,0.0030789999998432904,85.0,0.0
838,14.0,0.0017139999999926658,86.0,0.0
839,14.0,0.0020139999999173597,86.0,0.0
840,20.0,0.0037269999997988634,80.0,0.0
841,14.0,0.002778000000034808,86.0,0.0
842,16.0,0.003421000000116692,84.0,0.0
843,14.0,0.002521999999999025,86.0,0.0
844,15.0,0.0028079999999590655,85.0,0.0
845,14.0,0.002659999999877982,86.0,0.0
846,14.0,0.002790000000004511,86.0,0.0
847,14.0,0.0030420000000503933,86.0,0.0
848,14.0,0.0030959999999140564,86.0,0.0
849,14.0,0.002464000000145461,86.0,0.0
850,14.0,0.003097999999909007,86.0,0.0
851,14.0,0.0030879999999342544,86.0,0.0
852,14.0,0.0028709999999136926,86.0,0.0
853,15.0,0.002944000000070446,85.0,0.0
854,14.0,0.002872999999908643,86.0,0.0
855,14.0,0.0027999999999792635,86.0,0.0
856,14.0,0.0026410000000396394,86.0,0.0
857,14.0,0.0029510000001664594,86.0,0.0
858,45.0,0.008546999999907712,-143.0,0.0
859,32.0,0.007429000000001906,-31.0,0.0
860,14.0,0.00293599999986327,86.0,0.0
861,17.0,0.0029959999999391584,83.0,0.0
862,35.0,0.007419000000027154,-34.0,0.0
863,16.0,0.003463000000010652,84.0,0.0
864,42.0,0.007360999999946216,-41.0,0.0
865,14.0,0.0031719999999495485,86.0,0.0
866,14.0,0.003304000000071028,86.0,0.0
867,16.0,0.0029600000000300497,84.0,0.0
868,14.0,0.0027669999999488937,86.0,0.0
869,14.0,0.0021859999999378488,86.0,0.0
870,14.0,0.002740000000130749,86.0,0.0
871,14.0,0.0027399999999033753,86.0,0.0
872,26.0,0.004415999999991982,-25.0,0.0
873,14.0,0.0028600000000551518,86.0,0.0
874,14.0,0.0029520000000502478,86.0,0.0
875,14.0,0.0014149999999517604,86.0,0.0
876,14.0,0.002134000000069136,86.0,0.0
877,14.0,0.002403999999842199,86.0,0.0
878,14.0,0.0020890000000690634,86.0,0.0
879,14.0,0.0021860000001652224,86.0,0.0
880,14.0,0.0018540000000939472,86.0,0.0
881,14.0,0.0028509999999641877,86.0,0.0
882,16.0,0.002447000000074695,84.0,0.0
883,14.0,0.0027000000000043656,86.0,0.0
884,16.0,0.003003000000035172,84.0,0.0
885,14.0,0.0029300000001057924,86.0,0.0
886,14.0,0.002510000000029322,86.0,0.0
887,14.0,0.0025069999999232095,86.0,0.0
888,14.0,0.002719000000070082,86.0,0.0
889,14.0,0.002391999999872496,86.0,0.0
890,17.0,0.002404999999953361,83.0,0.0
891,16.0,0.0026920000000245636,84.0,0.0
892,14.0,0.0026330000000598375,86.0,0.0
893,15.0,0.001882000000023254,-14.0,0.0
894,14.0,0.001606000000037966,86.0,0.0
895,14.0,0.002915000000029977,86.0,0.0
896,14.0,0.0018760000000384025,86.0,0.0
897,16.0,0.002955999999812775,84.0,0.0
898,16.0,0.0027760000000398577,84.0,0.0
899,16.0,0.0028380000001106964,84.0,0.0
900,14.0,0.001297000000022308,86.0,0.0
901,14.0,0.0015659999999115826,86.0,0.0
902,15.0,0.003139999999802967,85.0,0.0
903,14.0,0.002672999999958847,86.0,0.0
904,14.0,0.0021850000000540604,86.0,0.0
905,17.0,0.0033180000000356813,83.0,0.0
906,14.0,0.001784999999927095,86.0,0.0
907,14.0,0.002351000000089698,86.0,0.0
908,14.0,0.0028369999999995343,86.0,0.0
909,14.0,0.0023149999999532156,86.0,0.0
910,14.0,0.002468000000135362,86.0,0.0
911,18.0,0.0031029999997826962,82.0,0.0
912,14.0,0.00264300000003459,86.0,0.0
913,17.0,0.002923000000009779,83.0,0.0
914,14.0,0.0027370000000246364,86.0,0.0
915,16.0,0.0028690000001461158,84.0,0.0
916,14.0,0.002058000000033644,86.0,0.0
917,14.0,0.0022709999998369312,86.0,0.0
918,14.0,0.0029050000000552245,86.0,0.0
919,14.0,0.002518000000009124,86.0,0.0
920,14.0,0.0029669999998986896,86.0,0.0
921,16.0,0.0025860000000648142,84.0,0.0
922,14.0,0.0028709999999136926,86.0,0.0
923,18.0,0.0048489999999219435,82.0,0.0
924,26.0,0.004523999999946682,-25.0,0.0
925,18.0,0.0039249999999810825,-17.0,0.0
926,14.0,0.0027510000002166635,86.0,0.0
927,14.0,0.003351000000066051,86.0,0.0
928,15.0,0.0026609999999891443,85.0,0.0
929,14.0,0.002962000000025,86.0,0.0
930,14.0,0.0015129999999317079,86.0,0.0
931,14.0,0.0026019999997970444,86.0,0.0
932,14.0,0.0023989999999685097,86.0,0.0
933,14.0,0.002445999999963533,86.0,0.0
934,17.0,0.0034610000000157015,83.0,0.0
935,16.0,0.002716999999847758,84.0,0.0
936,14.0,0.002330000000029031,86.0,0.0
937,16.0,0.0018190000000686268,84.0,0.0
938,14.0,0.0024319999999988795,86.0,0.0
939,14.0,0.0025290000000950386,86.0,0.0
940,14.0,0.0024029999999584106,86.0,0.0
941,14.0,0.002380000000130167,86.0,0.0
942,14.0,0.002484999999978754,86.0,0.0
943,14.0,0.002827000000024782,86.0,0.0
944,14.0,0.0029540000000451982,86.0,0.0
945,14.0,0.0030369999999493302,86.0,0.0
946,14.0,0.002625999999963824,86.0,0.0
947,14.0,0.0030349999999543797,86.0,0.0
948,14.0,0.003269999999929496,86.0,0.0
949,16.0,0.003447000000051048,84.0,0.0
950,14.0,0.0036070000001018343,86.0,0.0
951,14.0,0.0027989999998681014,86.0,0.0
952,14.0,0.0023860000001150183,86.0,0.0
953,17.0,0.003593000000137181,83.0,0.0
954,14.0,0.002944000000070446,86.0,0.0
955,14.0,0.002098999999816442,86.0,0.0
956,18.0,0.00327900000002046,82.0,0.0
957,14.0,0.0021749999998519343,86.0,0.0
958,14.0,0.001382999999805179,86.0,0.0
959,141.0,0.01368200000001707,-140.0,0.0
960,16.0,0.0017159999999876163,84.0,0.0
961,16.0,0.00187299999993229,84.0,0.0
962,14.0,0.0013289999999415159,86.0,0.0
963,14.0,0.002736000000140848,86.0,0.0
964,14.0,0.001985999999988053,86.0,0.0
965,14.0,0.0027700000000550062,86.0,0.0
966,14.0,0.0021530000001348526,86.0,0.0
967,14.0,0.002021000000013373,86.0,0.0
968,16.0,0.002585000000181026,84.0,0.0
969,14.0,0.0019749999999021384,86.0,0.0
970,14.0,0.001506000000063068,86.0,0.0
971,14.0,0.002322000000049229,86.0,0.0
972,14.0,0.001943999999866719,86.0,0.0
973,14.0,0.002406000000064523,86.0,0.0
974,14.0,0.001393000000007305,86.0,0.0
975,14.0,0.001623000000108732,86.0,0.0
976,14.0,0.00148799999988114,86.0,0.0
977,14.0,0.0024649999998018757,86.0,0.0
978,14.0,0.002347000000099797,86.0,0.0
979,14.0,0.0021560000000135915,86.0,0.0
980,14.0,0.001863999999841326,86.0,0.0
981,14.0,0.0013410000001385924,86.0,0.0
982,14.0,0.0013290000001688895,86.0,0.0
983,14.0,0.001282999999830281,86.0,0.0
984,14.0,0.00215000000002874,86.0,0.0
985,17.0,0.0022810000000390573,-16.0,0.0
986,15.0,0.0015240000000176224,85.0,0.0
987,16.0,0.0018589999999676365,84.0,0.0
988,17.0,0.0015840000000935106,83.0,0.0
989,14.0,0.0023330000001351436,86.0,0.0
990,14.0,0.0024940000000697182,86.0,0.0
991,15.0,0.002516999999897962,85.0,0.0
992,14.0,0.0023679999999330903,86.0,0.0
993,18.0,0.003161999999974796,-17.0,0.0
994,14.0,0.001488999999992302,86.0,0.0
995,14.0,0.002548000000160755,86.0,0.0
996,14.0,0.0021469999999226275,86.0,0.0
997,14.0,0.0026010000001406297,86.0,0.0
998,25.0,0.0034110000001419394,-24.0,0.0
999,75.0,0.00789800000006835,-74.0,0.0
1000,0.0,0.0,0.0,0.0
1001,0.0,0.0,0.0,0.0
1002,0.0,0.0,0.0,0.0
1003,0.0,0.0,0.0,0.0
1004,0.0,0.0,0.0,0.0
1005,0.0,0.0,0.0,0.0
1006,0.0,0.0,0.0,0.0
1007,0.0,0.0,0.0,0.0
1008,0.0,0.0,0.0,0.0
1009,0.0,0.0,0.0,0.0
1010,0.0,0.0,0.0,0.0
1011,0.0,0.0,0.0,0.0
1012,0.0,0.0,0.0,0.0
1013,0.0,0.0,0.0,0.0
1014,0.0,0.0,0.0,0.0
1015,0.0,0.0,0.0,0.0
1016,0.0,0.0,0.0,0.0
1017,0.0,0.0,0.0,0.0
1018,0.0,0.0,0.0,0.0
1019,0.0,0.0,0.0,0.0
1020,0.0,0.0,0.0,0.0
1021,0.0,0.0,0.0,0.0
1022,0.0,0.0,0.0,0.0
1023,0.0,0.0,0.0,0.0
1024,0.0,0.0,0.0,0.0
1025,0.0,0.0,0.0,0.0
1026,0.0,0.0,0.0,0.0
1027,0.0,0.0,0.0,0.0
1028,0.0,0.0,0.0,0.0
1029,0.0,0.0,0.0,0.0
1030,0.0,0.0,0.0,0.0
1031,0.0,0.0,0.0,0.0
1032,0.0,0.0,0.0,0.0
1033,0.0,0.0,0.0,0.0
1034,0.0,0.0,0.0,0.0
1035,0.0,0.0,0.0,0.0
1036,0.0,0.0,0.0,0.0
1037,0.0,0.0,0.0,0.0
1038,0.0,0.0,0.0,0.0
1039,0.0,0.0,0.0,0.0
1040,0.0,0.0,0.0,0.0
1041,0.0,0.0,0.0,0.0
1042,0.0,0.0,0.0,0.0
1043,0.0,0.0,0.0,0.0
1044,0.0,0.0,0.0,0.0
1045,0.0,0.0,0.0,0.0
1046,0.0,0.0,0.0,0.0
1047,0.0,0.0,0.0,0.0
1048,0.0,0.0,0.0,0.0
1049,0.0,0.0,0.0,0.0
1050,0.0,0.0,0.0,0.0
1051,0.0,0.0,0.0,0.0
1052,0.0,0.0,0.0,0.0
1053,0.0,0.0,0.0,0.0
1054,0.0,0.0,0.0,0.0
1055,0.0,0.0,0.0,0.0
1056,0.0,0.0,0.0,0.0
1057,0.0,0.0,0.0,0.0
1058,0.0,0.0,0.0,0.0
1059,0.0,0.0,0.0,0.0
1060,0.0,0.0,0.0,0.0
1061,0.0,0.0,0.0,0.0
1062,0.0,0.0,0.0,0.0
1063,0.0,0.0,0.0,0.0
1064,0.0,0.0,0.0,0.0
1065,0.0,0.0,0.0,0.0
1066,0.0,0.0,0.0,0.0
1067,0.0,0.0,0.0,0.0
1068,0.0,0.0,0.0,0.0
1069,0.0,0.0,0.0,0.0
1070,0.0,0.0,0.0,0.0
1071,0.0,0.0,0.0,0.0
1072,0.0,0.0,0.0,0.0
1073,0.0,0.0,0.0,0.0
1074,0.0,0.0,0.0,0.0
1075,0.0,0.0,0.0,0.0
1076,0.0,0.0,0.0,0.0
1077,0.0,0.0,0.0,0.0
1078,0.0,0.0,0.0,0.0
1079,0.0,0.0,0.0,0.0
1080,0.0,0.0,0.0,0.0
1081,0.0,0.0,0.0,0.0
1082,0.0,0.0,0.0,0.0
1083,0.0,0.0,0.0,0.0
1084,0.0,0.0,0.0,0.0
1085,0.0,0.0,0.0,0.0
1086,0.0,0.0,0.0,0.0
1087,0.0,0.0,0.0,0.0
1088,0.0,0.0,0.0,0.0
1089,0.0,0.0,0.0,0.0
1090,0.0,0.0,0.0,0.0
1091,0.0,0.0,0.0,0.0
1092,0.0,0.0,0.0,0.0
1093,0.0,0.0,0.0,0.0
1094,0.0,0.0,0.0,0.0
1095,0.0,0.0,0.0,0.0
1096,0.0,0.0,0.0,0.0
1097,0.0,0.0,0.0,0.0
1098,0.0,0.0,0.0,0.0
1099,0.0,0.0,0.0,0.0
1100,0.0,0.0,0.0,0.0
1101,0.0,0.0,0.0,0.0
1102,0.0,0.0,0.0,0.0
1103,0.0,0.0,0.0,0.0
1104,0.0,0.0,0.0,0.0
1105,0.0,0.0,0.0,0.0
1106,0.0,0.0,0.0,0.0
1107,0.0,0.0,0.0,0.0
1108,0.0,0.0,0.0,0.0
1109,0.0,0.0,0.0,0.0
1110,0.0,0.0,0.0,0.0
1111,0.0,0.0,0.0,0.0
1112,0.0,0.0,0.0,0.0
1113,0.0,0.0,0.0,0.0
1114,0.0,0.0,0.0,0.0
1115,0.0,0.0,0.0,0.0
1116,0.0,0.0,0.0,0.0
1117,0.0,0.0,0.0,0.0
1118,0.0,0.0,0.0,0.0
1119,0.0,0.0,0.0,0.0
1120,0.0,0.0,0.0,0.0
1121,0.0,0.0,0.0,0.0
1122,0.0,0.0,0.0,0.0
1123,0.0,0.0,0.0,0.0
1124,0.0,0.0,0.0,0.0
1125,0.0,0.0,0.0,0.0
1126,0.0,0.0,0.0,0.0
1127,0.0,0.0,0.0,0.0
1128,0.0,0.0,0.0,0.0
1129,0.0,0.0,0.0,0.0
1130,0.0,0.0,0.0,0.0
1131,0.0,0.0,0.0,0.0
1132,0.0,0.0,0.0,0.0
1133,0.0,0.0,0.0,0.0
1134,0.0,0.0,0.0,0.0
1135,0.0,0.0,0.0,0.0
1136,0.0,0.0,0.0,0.0
1137,0.0,0.0,0.0,0.0
1138,0.0,0.0,0.0,0.0
1139,0.0,0.0,0.0,0.0
1140,0.0,0.0,0.0,0.0
1141,0.0,0.0,0.0,0.0
1142,0.0,0.0,0.0,0.0
1143,0.0,0.0,0.0,0.0
1144,0.0,0.0,0.0,0.0
1145,0.0,0.0,0.0,0.0
1146,0.0,0.0,0.0,0.0
1147,0.0,0.0,0.0,0.0
1148,0.0,0.0,0.0,0.0
1149,0.0,0.0,0.0,0.0
1150,0.0,0.0,0.0,0.0
1151,0.0,0.0,0.0,0.0
1152,0.0,0.0,0.0,0.0
1153,0.0,0.0,0.0,0.0
1154,0.0,0.0,0.0,0.0
1155,0.0,0.0,0.0,0.0
1156,0.0,0.0,0.0,0.0
1157,0.0,0.0,0.0,0.0
1158,0.0,0.0,0.0,0.0
1159,0.0,0.0,0.0,0.0
1160,0.0,0.0,0.0,0.0
1161,0.0,0.0,0.0,0.0
1162,0.0,0.0,0.0,0.0
1163,0.0,0.0,0.0,0.0
1164,0.0,0.0,0.0,0.0
1165,0.0,0.0,0.0,0.0
1166,0.0,0.0,0.0,0.0
1167,0.0,0.0,0.0,0.0
1168,0.0,0.0,0.0,0.0
1169,0.0,0.0,0.0,0.0
1170,0.0,0.0,0.0,0.0
1171,0.0,0.0,0.0,0.0
1172,0.0,0.0,0.0,0.0
1173,0.0,0.0,0.0,0.0
1174,0.0,0.0,0.0,0.0
1175,0.0,0.0,0.0,0.0
1176,0.0,0.0,0.0,0.0
1177,0.0,0.0,0.0,0.0
1178,0.0,0.0,0.0,0.0
1179,0.0,0.0,0.0,0.0
1180,0.0,0.0,0.0,0.0
1181,0.0,0.0,0.0,0.0
1182,0.0,0.0,0.0,0.0
1183,0.0,0.0,0.0,0.0
1184,0.0,0.0,0.0,0.0
1185,0.0,0.0,0.0,0.0
1186,0.0,0.0,0.0,0.0
1187,0.0,0.0,0.0,0.0
1188,0.0,0.0,0.0,0.0
1189,0.0,0.0,0.0,0.0
1190,0.0,0.0,0.0,0.0
1191,0.0,0.0,0.0,0.0
1192,0.0,0.0,0.0,0.0
1193,0.0,0.0,0.0,0.0
1194,0.0,0.0,0.0,0.0
1195,0.0,0.0,0.0,0.0
1196,0.0,0.0,0.0,0.0
1197,0.0,0.0,0.0,0.0
1198,0.0,0.0,0.0,0.0
1199,0.0,0.0,0.0,0.0
1200,0.0,0.0,0.0,0.0
1201,0.0,0.0,0.0,0.0
1202,0.0,0.0,0.0,0.0
1203,0.0,0.0,0.0,0.0
1204,0.0,0.0,0.0,0.0
1205,0.0,0.0,0.0,0.0
1206,0.0,0.0,0.0,0.0
1207,0.0,0.0,0.0,0.0
1208,0.0,0.0,0.0,0.0
1209,0.0,0.0,0.0,0.0
1210,0.0,0.0,0.0,0.0
1211,0.0,0.0,0.0,0.0
1212,0.0,0.0,0.0,0.0
1213,0.0,0.0,0.0,0.0
1214,0.0,0.0,0.0,0.0
1215,0.0,0.0,0.0,0.0
1216,0.0,0.0,0.0,0.0
1217,0.0,0.0,0.0,0.0
1218,0.0,0.0,0.0,0.0
1219,0.0,0.0,0.0,0.0
1220,0.0,0.0,0.0,0.0
1221,0.0,0.0,0.0,0.0
1222,0.0,0.0,0.0,0.0
1223,0.0,0.0,0.0,0.0
1224,0.0,0.0,0.0,0.0
1225,0.0,0.0,0.0,0.0
1226,0.0,0.0,0.0,0.0
1227,0.0,0.0,0.0,0.0
1228,0.0,0.0,0.0,0.0
1229,0.0,0.0,0.0,0.0
1230,0.0,0.0,0.0,0.0
1231,0.0,0.0,0.0,0.0
1232,0.0,0.0,0.0,0.0
1233,0.0,0.0,0.0,0.0
1234,0.0,0.0,0.0,0.0
1235,0.0,0.0,0.0,0.0
1236,0.0,0.0,0.0,0.0
1237,0.0,0.0,0.0,0.0
1238,0.0,0.0,0.0,0.0
1239,0.0,0.0,0.0,0.0
1240,0.0,0.0,0.0,0.0
1241,0.0,0.0,0.0,0.0
1242,0.0,0.0,0.0,0.0
1243,0.0,0.0,0.0,0.0
1244,0.0,0.0,0.0,0.0
1245,0.0,0.0,0.0,0.0
1246,0.0,0.0,0.0,0.0
1247,0.0,0.0,0.0,0.0
1248,0.0,0.0,0.0,0.0
1249,0.0,0.0,0.0,0.0
1250,0.0,0.0,0.0,0.0
1251,0.0,0.0,0.0,0.0
1252,0.0,0.0,0.0,0.0
1253,0.0,0.0,0.0,0.0
1254,0.0,0.0,0.0,0.0
1255,0.0,0.0,0.0,0.0
1256,0.0,0.0,0.0,0.0
1257,0.0,0.0,0.0,0.0
1258,0.0,0.0,0.0,0.0
1259,0.0,0.0,0.0,0.0
1260,0.0,0.0,0.0,0.0
1261,0.0,0.0,0.0,0.0
1262,0.0,0.0,0.0,0.0
1263,0.0,0.0,0.0,0.0
1264,0.0,0.0,0.0,0.0
1265,0.0,0.0,0.0,0.0
1266,0.0,0.0,0.0,0.0
1267,0.0,0.0,0.0,0.0
1268,0.0,0.0,0.0,0.0
1269,0.0,0.0,0.0,0.0
1270,0.0,0.0,0.0,0.0
1271,0.0,0.0,0.0,0.0
1272,0.0,0.0,0.0,0.0
1273,0.0,0.0,0.0,0.0
1274,0.0,0.0,0.0,0.0
1275,0.0,0.0,0.0,0.0
1276,0.0,0.0,0.0,0.0
1277,0.0,0.0,0.0,0.0
1278,0.0,0.0,0.0,0.0
1279,0.0,0.0,0.0,0.0
1280,0.0,0.0,0.0,0.0
1281,0.0,0.0,0.0,0.0
1282,0.0,0.0,0.0,0.0
1283,0.0,0.0,0.0,0.0
1284,0.0,0.0,0.0,0.0
1285,0.0,0.0,0.0,0.0
1286,0.0,0.0,0.0,0.0
1287,0.0,0.0,0.0,0.0
1288,0.0,0.0,0.0,0.0
1289,0.0,0.0,0.0,0.0
1290,0.0,0.0,0.0,0.0
1291,0.0,0.0,0.0,0.0
1292,0.0,0.0,0.0,0.0
1293,0.0,0.0,0.0,0.0
1294,0.0,0.0,0.0,0.0
1295,0.0,0.0,0.0,0.0
1296,0.0,0.0,0.0,0.0
1297,0.0,0.0,0.0,0.0
1298,0.0,0.0,0.0,0.0
1299,0.0,0.0,0.0,0.0
1300,0.0,0.0,0.0,0.0
1301,0.0,0.0,0.0,0.0
1302,0.0,0.0,0.0,0.0
1303,0.0,0.0,0.0,0.0
1304,0.0,0.0,0.0,0.0
1305,0.0,0.0,0.0,0.0
1306,0.0,0.0,0.0,0.0
1307,0.0,0.0,0.0,0.0
1308,0.0,0.0,0.0,0.0
1309,0.0,0.0,0.0,0.0
1310,0.0,0.0,0.0,0.0
1311,0.0,0.0,0.0,0.0
1312,0.0,0.0,0.0,0.0
1313,0.0,0.0,0.0,0.0
1314,0.0,0.0,0.0,0.0
1315,0.0,0.0,0.0,0.0
1316,0.0,0.0,0.0,0.0
1317,0.0,0.0,0.0,0.0
1318,0.0,0.0,0.0,0.0
1319,0.0,0.0,0.0,0.0
1320,0.0,0.0,0.0,0.0
1321,0.0,0.0,0.0,0.0
1322,0.0,0.0,0.0,0.0
1323,0.0,0.0,0.0,0.0
1324,0.0,0.0,0.0,0.0
1325,0.0,0.0,0.0,0.0
1326,0.0,0.0,0.0,0.0
1327,0.0,0.0,0.0,0.0
1328,0.0,0.0,0.0,0.0
1329,0.0,0.0,0.0,0.0
1330,0.0,0.0,0.0,0.0
1331,0.0,0.0,0.0,0.0
1332,0.0,0.0,0.0,0.0
1333,0.0,0.0,0.0,0.0
1334,0.0,0.0,0.0,0.0
1335,0.0,0.0,0.0,0.0
1336,0.0,0.0,0.0,0.0
1337,0.0,0.0,0.0,0.0
1338,0.0,0.0,0.0,0.0
1339,0.0,0.0,0.0,0.0
1340,0.0,0.0,0.0,0.0
1341,0.0,0.0,0.0,0.0
1342,0.0,0.0,0.0,0.0
1343,0.0,0.0,0.0,0.0
1344,0.0,0.0,0.0,0.0
1345,0.0,0.0,0.0,0.0
1346,0.0,0.0,0.0,0.0
1347,0.0,0.0,0.0,0.0
1348,0.0,0.0,0.0,0.0
1349,0.0,0.0,0.0,0.0
1350,0.0,0.0,0.0,0.0
1351,0.0,0.0,0.0,0.0
1352,0.0,0.0,0.0,0.0
1353,0.0,0.0,0.0,0.0
1354,0.0,0.0,0.0,0.0
1355,0.0,0.0,0.0,0.0
1356,0.0,0.0,0.0,0.0
1357,0.0,0.0,0.0,0.0
1358,0.0,0.0,0.0,0.0
1359,0.0,0.0,0.0,0.0
1360,0.0,0.0,0.0,0.0
1361,0.0,0.0,0.0,0.0
1362,0.0,0.0,0.0,0.0
1363,0.0,0.0,0.0,0.0
1364,0.0,0.0,0.0,0.0
1365,0.0,0.0,0.0,0.0
1366,0.0,0.0,0.0,0.0
1367,0.0,0.0,0.0,0.0
1368,0.0,0.0,0.0,0.0
1369,0.0,0.0,0.0,0.0
1370,0.0,0.0,0.0,0.0
1371,0.0,0.0,0.0,0.0
1372,0.0,0.0,0.0,0.0
1373,0.0,0.0,0.0,0.0
1374,0.0,0.0,0.0,0.0
1375,0.0,0.0,0.0,0.0
1376,0.0,0.0,0.0,0.0
1377,0.0,0.0,0.0,0.0
1378,0.0,0.0,0.0,0.0
1379,0.0,0.0,0.0,0.0
1380,0.0,0.0,0.0,0.0
1381,0.0,0.0,0.0,0.0
1382,0.0,0.0,0.0,0.0
1383,0.0,0.0,0.0,0.0
1384,0.0,0.0,0.0,0.0
1385,0.0,0.0,0.0,0.0
1386,0.0,0.0,0.0,0.0
1387,0.0,0.0,0.0,0.0
1388,0.0,0.0,0.0,0.0
1389,0.0,0.0,0.0,0.0
1390,0.0,0.0,0.0,0.0
1391,0.0,0.0,0.0,0.0
1392,0.0,0.0,0.0,0.0
1393,0.0,0.0,0.0,0.0
1394,0.0,0.0,0.0,0.0
1395,0.0,0.0,0.0,0.0
1396,0.0,0.0,0.0,0.0
1397,0.0,0.0,0.0,0.0
1398,0.0,0.0,0.0,0.0
1399,0.0,0.0,0.0,0.0
1400,0.0,0.0,0.0,0.0
1401,0.0,0.0,0.0,0.0
1402,0.0,0.0,0.0,0.0
1403,0.0,0.0,0.0,0.0
1404,0.0,0.0,0.0,0.0
1405,0.0,0.0,0.0,0.0
1406,0.0,0.0,0.0,0.0
1407,0.0,0.0,0.0,0.0
1408,0.0,0.0,0.0,0.0
1409,0.0,0.0,0.0,0.0
1410,0.0,0.0,0.0,0.0
1411,0.0,0.0,0.0,0.0
1412,0.0,0.0,0.0,0.0
1413,0.0,0.0,0.0,0.0
1414,0.0,0.0,0.0,0.0
1415,0.0,0.0,0.0,0.0
1416,0.0,0.0,0.0,0.0
1417,0.0,0.0,0.0,0.0
1418,0.0,0.0,0.0,0.0
1419,0.0,0.0,0.0,0.0
1420,0.0,0.0,0.0,0.0
1421,0.0,0.0,0.0,0.0
1422,0.0,0.0,0.0,0.0
1423,0.0,0.0,0.0,0.0
1424,0.0,0.0,0.0,0.0
1425,0.0,0.0,0.0,0.0
1426,0.0,0.0,0.0,0.0
1427,0.0,0.0,0.0,0.0
1428,0.0,0.0,0.0,0.0
1429,0.0,0.0,0.0,0.0
1430,0.0,0.0,0.0,0.0
1431,0.0,0.0,0.0,0.0
1432,0.0,0.0,0.0,0.0
1433,0.0,0.0,0.0,0.0
1434,0.0,0.0,0.0,0.0
1435,0.0,0.0,0.0,0.0
1436,0.0,0.0,0.0,0.0
1437,0.0,0.0,0.0,0.0
1438,0.0,0.0,0.0,0.0
1439,0.0,0.0,0.0,0.0
1440,0.0,0.0,0.0,0.0
1441,0.0,0.0,0.0,0.0
1442,0.0,0.0,0.0,0.0
1443,0.0,0.0,0.0,0.0
1444,0.0,0.0,0.0,0.0
1445,0.0,0.0,0.0,0.0
1446,0.0,0.0,0.0,0.0
1447,0.0,0.0,0.0,0.0
1448,0.0,0.0,0.0,0.0
1449,0.0,0.0,0.0,0.0
1450,0.0,0.0,0.0,0.0
1451,0.0,0.0,0.0,0.0
1452,0.0,0.0,0.0,0.0
1453,0.0,0.0,0.0,0.0
1454,0.0,0.0,0.0,0.0
1455,0.0,0.0,0.0,0.0
1456,0.0,0.0,0.0,0.0
1457,0.0,0.0,0.0,0.0
1458,0.0,0.0,0.0,0.0
1459,0.0,0.0,0.0,0.0
1460,0.0,0.0,0.0,0.0
1461,0.0,0.0,0.0,0.0
1462,0.0,0.0,0.0,0.0
1463,0.0,0.0,0.0,0.0
1464,0.0,0.0,0.0,0.0
1465,0.0,0.0,0.0,0.0
1466,0.0,0.0,0.0,0.0
1467,0.0,0.0,0.0,0.0
1468,0.0,0.0,0.0,0.0
1469,0.0,0.0,0.0,0.0
1470,0.0,0.0,0.0,0.0
1471,0.0,0.0,0.0,0.0
1472,0.0,0.0,0.0,0.0
1473,0.0,0.0,0.0,0.0
1474,0.0,0.0,0.0,0.0
1475,0.0,0.0,0.0,0.0
1476,0.0,0.0,0.0,0.0
1477,0.0,0.0,0.0,0.0
1478,0.0,0.0,0.0,0.0
1479,0.0,0.0,0.0,0.0
1480,0.0,0.0,0.0,0.0
1481,0.0,0.0,0.0,0.0
1482,0.0,0.0,0.0,0.0
1483,0.0,0.0,0.0,0.0
1484,0.0,0.0,0.0,0.0
1485,0.0,0.0,0.0,0.0
1486,0.0,0.0,0.0,0.0
1487,0.0,0.0,0.0,0.0
1488,0.0,0.0,0.0,0.0
1489,0.0,0.0,0.0,0.0
1490,0.0,0.0,0.0,0.0
1491,0.0,0.0,0.0,0.0
1492,0.0,0.0,0.0,0.0
1493,0.0,0.0,0.0,0.0
1494,0.0,0.0,0.0,0.0
1495,0.0,0.0,0.0,0.0
1496,0.0,0.0,0.0,0.0
1497,0.0,0.0,0.0,0.0
1498,0.0,0.0,0.0,0.0
1499,0.0,0.0,0.0,0.0
1500,0.0,0.0,0.0,0.0
1501,0.0,0.0,0.0,0.0
1502,0.0,0.0,0.0,0.0
1503,0.0,0.0,0.0,0.0
1504,0.0,0.0,0.0,0.0
1505,0.0,0.0,0.0,0.0
1506,0.0,0.0,0.0,0.0
1507,0.0,0.0,0.0,0.0
1508,0.0,0.0,0.0,0.0
1509,0.0,0.0,0.0,0.0
1510,0.0,0.0,0.0,0.0
1511,0.0,0.0,0.0,0.0
1512,0.0,0.0,0.0,0.0
1513,0.0,0.0,0.0,0.0
1514,0.0,0.0,0.0,0.0
1515,0.0,0.0,0.0,0.0
1516,0.0,0.0,0.0,0.0
1517,0.0,0.0,0.0,0.0
1518,0.0,0.0,0.0,0.0
1519,0.0,0.0,0.0,0.0
1520,0.0,0.0,0.0,0.0
1521,0.0,0.0,0.0,0.0
1522,0.0,0.0,0.0,0.0
1523,0.0,0.0,0.0,0.0
1524,0.0,0.0,0.0,0.0
1525,0.0,0.0,0.0,0.0
1526,0.0,0.0,0.0,0.0
1527,0.0,0.0,0.0,0.0
1528,0.0,0.0,0.0,0.0
1529,0.0,0.0,0.0,0.0
1530,0.0,0.0,0.0,0.0
1531,0.0,0.0,0.0,0.0
1532,0.0,0.0,0.0,0.0
1533,0.0,0.0,0.0,0.0
1534,0.0,0.0,0.0,0.0
1535,0.0,0.0,0.0,0.0
1536,0.0,0.0,0.0,0.0
1537,0.0,0.0,0.0,0.0
1538,0.0,0.0,0.0,0.0
1539,0.0,0.0,0.0,0.0
1540,0.0,0.0,0.0,0.0
1541,0.0,0.0,0.0,0.0
1542,0.0,0.0,0.0,0.0
1543,0.0,0.0,0.0,0.0
1544,0.0,0.0,0.0,0.0
1545,0.0,0.0,0.0,0.0
1546,0.0,0.0,0.0,0.0
1547,0.0,0.0,0.0,0.0
1548,0.0,0.0,0.0,0.0
1549,0.0,0.0,0.0,0.0
1550,0.0,0.0,0.0,0.0
1551,0.0,0.0,0.0,0.0
1552,0.0,0.0,0.0,0.0
1553,0.0,0.0,0.0,0.0
1554,0.0,0.0,0.0,0.0
1555,0.0,0.0,0.0,0.0
1556,0.0,0.0,0.0,0.0
1557,0.0,0.0,0.0,0.0
1558,0.0,0.0,0.0,0.0
1559,0.0,0.0,0.0,0.0
1560,0.0,0.0,0.0,0.0
1561,0.0,0.0,0.0,0.0
1562,0.0,0.0,0.0,0.0
1563,0.0,0.0,0.0,0.0
1564,0.0,0.0,0.0,0.0
1565,0.0,0.0,0.0,0.0
1566,0.0,0.0,0.0,0.0
1567,0.0,0.0,0.0,0.0
1568,0.0,0.0,0.0,0.0
1569,0.0,0.0,0.0,0.0
1570,0.0,0.0,0.0,0.0
1571,0.0,0.0,0.0,0.0
1572,0.0,0.0,0.0,0.0
1573,0.0,0.0,0.0,0.0
1574,0.0,0.0,0.0,0.0
1575,0.0,0.0,0.0,0.0
1576,0.0,0.0,0.0,0.0
1577,0.0,0.0,0.0,0.0
1578,0.0,0.0,0.0,0.0
1579,0.0,0.0,0.0,0.0
1580,0.0,0.0,0.0,0.0
1581,0.0,0.0,0.0,0.0
1582,0.0,0.0,0.0,0.0
1583,0.0,0.0,0.0,0.0
1584,0.0,0.0,0.0,0.0
1585,0.0,0.0,0.0,0.0
1586,0.0,0.0,0.0,0.0
1587,0.0,0.0,0.0,0.0
1588,0.0,0.0,0.0,0.0
1589,0.0,0.0,0.0,0.0
1590,0.0,0.0,0.0,0.0
1591,0.0,0.0,0.0,0.0
1592,0.0,0.0,0.0,0.0
1593,0.0,0.0,0.0,0.0
1594,0.0,0.0,0.0,0.0
1595,0.0,0.0,0.0,0.0
1596,0.0,0.0,0.0,0.0
1597,0.0,0.0,0.0,0.0
1598,0.0,0.0,0.0,0.0
1599,0.0,0.0,0.0,0.0
1600,0.0,0.0,0.0,0.0
1601,0.0,0.0,0.0,0.0
1602,0.0,0.0,0.0,0.0
1603,0.0,0.0,0.0,0.0
1604,0.0,0.0,0.0,0.0
1605,0.0,0.0,0.0,0.0
1606,0.0,0.0,0.0,0.0
1607,0.0,0.0,0.0,0.0
1608,0.0,0.0,0.0,0.0
1609,0.0,0.0,0.0,0.0
1610,0.0,0.0,0.0,0.0
1611,0.0,0.0,0.0,0.0
1612,0.0,0.0,0.0,0.0
1613,0.0,0.0,0.0,0.0
1614,0.0,0.0,0.0,0.0
1615,0.0,0.0,0.0,0.0
1616,0.0,0.0,0.0,0.0
1617,0.0,0.0,0.0,0.0
1618,0.0,0.0,0.0,0.0
1619,0.0,0.0,0.0,0.0
1620,0.0,0.0,0.0,0.0
1621,0.0,0.0,0.0,0.0
1622,0.0,0.0,0.0,0.0
1623,0.0,0.0,0.0,0.0
1624,0.0,0.0,0.0,0.0
1625,0.0,0.0,0.0,0.0
1626,0.0,0.0,0.0,0.0
1627,0.0,0.0,0.0,0.0
1628,0.0,0.0,0.0,0.0
1629,0.0,0.0,0.0,0.0
1630,0.0,0.0,0.0,0.0
1631,0.0,0.0,0.0,0.0
1632,0.0,0.0,0.0,0.0
1633,0.0,0.0,0.0,0.0
1634,0.0,0.0,0.0,0.0
1635,0.0,0.0,0.0,0.0
1636,0.0,0.0,0.0,0.0
1637,0.0,0.0,0.0,0.0
1638,0.0,0.0,0.0,0.0
1639,0.0,0.0,0.0,0.0
1640,0.0,0.0,0.0,0.0
1641,0.0,0.0,0.0,0.0
1642,0.0,0.0,0.0,0.0
1643,0.0,0.0,0.0,0.0
1644,0.0,0.0,0.0,0.0
1645,0.0,0.0,0.0,0.0
1646,0.0,0.0,0.0,0.0
1647,0.0,0.0,0.0,0.0
1648,0.0,0.0,0.0,0.0
1649,0.0,0.0,0.0,0.0
1650,0.0,0.0,0.0,0.0
1651,0.0,0.0,0.0,0.0
1652,0.0,0.0,0.0,0.0
1653,0.0,0.0,0.0,0.0
1654,0.0,0.0,0.0,0.0
1655,0.0,0.0,0.0,0.0
1656,0.0,0.0,0.0,0.0
1657,0.0,0.0,0.0,0.0
1658,0.0,0.0,0.0,0.0
1659,0.0,0.0,0.0,0.0
1660,0.0,0.0,0.0,0.0
1661,0.0,0.0,0.0,0.0
1662,0.0,0.0,0.0,0.0
1663,0.0,0.0,0.0,0.0
1664,0.0,0.0,0.0,0.0
1665,0.0,0.0,0.0,0.0
1666,0.0,0.0,0.0,0.0
1667,0.0,0.0,0.0,0.0
1668,0.0,0.0,0.0,0.0
1669,0.0,0.0,0.0,0.0
1670,0.0,0.0,0.0,0.0
1671,0.0,0.0,0.0,0.0
1672,0.0,0.0,0.0,0.0
1673,0.0,0.0,0.0,0.0
1674,0.0,0.0,0.0,0.0
1675,0.0,0.0,0.0,0.0
1676,0.0,0.0,0.0,0.0
1677,0.0,0.0,0.0,0.0
1678,0.0,0.0,0.0,0.0
1679,0.0,0.0,0.0,0.0
1680,0.0,0.0,0.0,0.0
1681,0.0,0.0,0.0,0.0
1682,0.0,0.0,0.0,0.0
1683,0.0,0.0,0.0,0.0
1684,0.0,0.0,0.0,0.0
1685,0.0,0.0,0.0,0.0
1686,0.0,0.0,0.0,0.0
1687,0.0,0.0,0.0,0.0
1688,0.0,0.0,0.0,0.0
1689,0.0,0.0,0.0,0.0
1690,0.0,0.0,0.0,0.0
1691,0.0,0.0,0.0,0.0
1692,0.0,0.0,0.0,0.0
1693,0.0,0.0,0.0,0.0
1694,0.0,0.0,0.0,0.0
1695,0.0,0.0,0.0,0.0
1696,0.0,0.0,0.0,0.0
1697,0.0,0.0,0.0,0.0
1698,0.0,0.0,0.0,0.0
1699,0.0,0.0,0.0,0.0
1700,0.0,0.0,0.0,0.0
1701,0.0,0.0,0.0,0.0
1702,0.0,0.0,0.0,0.0
1703,0.0,0.0,0.0,0.0
1704,0.0,0.0,0.0,0.0
1705,0.0,0.0,0.0,0.0
1706,0.0,0.0,0.0,0.0
1707,0.0,0.0,0.0,0.0
1708,0.0,0.0,0.0,0.0
1709,0.0,0.0,0.0,0.0
1710,0.0,0.0,0.0,0.0
1711,0.0,0.0,0.0,0.0
1712,0.0,0.0,0.0,0.0
1713,0.0,0.0,0.0,0.0
1714,0.0,0.0,0.0,0.0
1715,0.0,0.0,0.0,0.0
1716,0.0,0.0,0.0,0.0
1717,0.0,0.0,0.0,0.0
1718,0.0,0.0,0.0,0.0
1719,0.0,0.0,0.0,0.0
1720,0.0,0.0,0.0,0.0
1721,0.0,0.0,0.0,0.0
1722,0.0,0.0,0.0,0.0
1723,0.0,0.0,0.0,0.0
1724,0.0,0.0,0.0,0.0
1725,0.0,0.0,0.0,0.0
1726,0.0,0.0,0.0,0.0
1727,0.0,0.0,0.0,0.0
1728,0.0,0.0,0.0,0.0
1729,0.0,0.0,0.0,0.0
1730,0.0,0.0,0.0,0.0
1731,0.0,0.0,0.0,0.0
1732,0.0,0.0,0.0,0.0
1733,0.0,0.0,0.0,0.0
1734,0.0,0.0,0.0,0.0
1735,0.0,0.0,0.0,0.0
1736,0.0,0.0,0.0,0.0
1737,0.0,0.0,0.0,0.0
1738,0.0,0.0,0.0,0.0
1739,0.0,0.0,0.0,0.0
1740,0.0,0.0,0.0,0.0
1741,0.0,0.0,0.0,0.0
1742,0.0,0.0,0.0,0.0
1743,0.0,0.0,0.0,0.0
1744,0.0,0.0,0.0,0.0
1745,0.0,0.0,0.0,0.0
1746,0.0,0.0,0.0,0.0
1747,0.0,0.0,0.0,0.0
1748,0.0,0.0,0.0,0.0
1749,0.0,0.0,0.0,0.0
1750,0.0,0.0,0.0,0.0
1751,0.0,0.0,0.0,0.0
1752,0.0,0.0,0.0,0.0
1753,0.0,0.0,0.0,0.0
1754,0.0,0.0,0.0,0.0
1755,0.0,0.0,0.0,0.0
1756,0.0,0.0,0.0,0.0
1757,0.0,0.0,0.0,0.0
1758,0.0,0.0,0.0,0.0
1759,0.0,0.0,0.0,0.0
1760,0.0,0.0,0.0,0.0
1761,0.0,0.0,0.0,0.0
1762,0.0,0.0,0.0,0.0
1763,0.0,0.0,0.0,0.0
1764,0.0,0.0,0.0,0.0
1765,0.0,0.0,0.0,0.0
1766,0.0,0.0,0.0,0.0
1767,0.0,0.0,0.0,0.0
1768,0.0,0.0,0.0,0.0
1769,0.0,0.0,0.0,0.0
1770,0.0,0.0,0.0,0.0
1771,0.0,0.0,0.0,0.0
1772,0.0,0.0,0.0,0.0
1773,0.0,0.0,0.0,0.0
1774,0.0,0.0,0.0,0.0
1775,0.0,0.0,0.0,0.0
1776,0.0,0.0,0.0,0.0
1777,0.0,0.0,0.0,0.0
1778,0.0,0.0,0.0,0.0
1779,0.0,0.0,0.0,0.0
1780,0.0,0.0,0.0,0.0
1781,0.0,0.0,0.0,0.0
1782,0.0,0.0,0.0,0.0
1783,0.0,0.0,0.0,0.0
1784,0.0,0.0,0.0,0.0
1785,0.0,0.0,0.0,0.0
1786,0.0,0.0,0.0,0.0
1787,0.0,0.0,0.0,0.0
1788,0.0,0.0,0.0,0.0
1789,0.0,0.0,0.0,0.0
1790,0.0,0.0,0.0,0.0
1791,0.0,0.0,0.0,0.0
1792,0.0,0.0,0.0,0.0
1793,0.0,0.0,0.0,0.0
1794,0.0,0.0,0.0,0.0
1795,0.0,0.0,0.0,0.0
1796,0.0,0.0,0.0,0.0
1797,0.0,0.0,0.0,0.0
1798,0.0,0.0,0.0,0.0
1799,0.0,0.0,0.0,0.0
1800,0.0,0.0,0.0,0.0
1801,0.0,0.0,0.0,0.0
1802,0.0,0.0,0.0,0.0
1803,0.0,0.0,0.0,0.0
1804,0.0,0.0,0.0,0.0
1805,0.0,0.0,0.0,0.0
1806,0.0,0.0,0.0,0.0
1807,0.0,0.0,0.0,0.0
1808,0.0,0.0,0.0,0.0
1809,0.0,0.0,0.0,0.0
1810,0.0,0.0,0.0,0.0
1811,0.0,0.0,0.0,0.0
1812,0.0,0.0,0.0,0.0
1813,0.0,0.0,0.0,0.0
1814,0.0,0.0,0.0,0.0
1815,0.0,0.0,0.0,0.0
1816,0.0,0.0,0.0,0.0
1817,0.0,0.0,0.0,0.0
1818,0.0,0.0,0.0,0.0
1819,0.0,0.0,0.0,0.0
1820,0.0,0.0,0.0,0.0
1821,0.0,0.0,0.0,0.0
1822,0.0,0.0,0.0,0.0
1823,0.0,0.0,0.0,0.0
1824,0.0,0.0,0.0,0.0
1825,0.0,0.0,0.0,0.0
1826,0.0,0.0,0.0,0.0
1827,0.0,0.0,0.0,0.0
1828,0.0,0.0,0.0,0.0
1829,0.0,0.0,0.0,0.0
1830,0.0,0.0,0.0,0.0
1831,0.0,0.0,0.0,0.0
1832,0.0,0.0,0.0,0.0
1833,0.0,0.0,0.0,0.0
1834,0.0,0.0,0.0,0.0
1835,0.0,0.0,0.0,0.0
1836,0.0,0.0,0.0,0.0
1837,0.0,0.0,0.0,0.0
1838,0.0,0.0,0.0,0.0
1839,0.0,0.0,0.0,0.0
1840,0.0,0.0,0.0,0.0
1841,0.0,0.0,0.0,0.0
1842,0.0,0.0,0.0,0.0
1843,0.0,0.0,0.0,0.0
1844,0.0,0.0,0.0,0.0
1845,0.0,0.0,0.0,0.0
1846,0.0,0.0,0.0,0.0
1847,0.0,0.0,0.0,0.0
1848,0.0,0.0,0.0,0.0
1849,0.0,0.0,0.0,0.0
1850,0.0,0.0,0.0,0.0
1851,0.0,0.0,0.0,0.0
1852,0.0,0.0,0.0,0.0
1853,0.0,0.0,0.0,0.0
1854,0.0,0.0,0.0,0.0
1855,0.0,0.0,0.0,0.0
1856,0.0,0.0,0.0,0.0
1857,0.0,0.0,0.0,0.0
1858,0.0,0.0,0.0,0.0
1859,0.0,0.0,0.0,0.0
1860,0.0,0.0,0.0,0.0
1861,0.0,0.0,0.0,0.0
1862,0.0,0.0,0.0,0.0
1863,0.0,0.0,0.0,0.0
1864,0.0,0.0,0.0,0.0
1865,0.0,0.0,0.0,0.0
1866,0.0,0.0,0.0,0.0
1867,0.0,0.0,0.0,0.0
1868,0.0,0.0,0.0,0.0
1869,0.0,0.0,0.0,0.0
1870,0.0,0.0,0.0,0.0
1871,0.0,0.0,0.0,0.0
1872,0.0,0.0,0.0,0.0
1873,0.0,0.0,0.0,0.0
1874,0.0,0.0,0.0,0.0
1875,0.0,0.0,0.0,0.0
1876,0.0,0.0,0.0,0.0
1877,0.0,0.0,0.0,0.0
1878,0.0,0.0,0.0,0.0
1879,0.0,0.0,0.0,0.0
1880,0.0,0.0,0.0,0.0
1881,0.0,0.0,0.0,0.0
1882,0.0,0.0,0.0,0.0
1883,0.0,0.0,0.0,0.0
1884,0.0,0.0,0.0,0.0
1885,0.0,0.0,0.0,0.0
1886,0.0,0.0,0.0,0.0
1887,0.0,0.0,0.0,0.0
1888,0.0,0.0,0.0,0.0
1889,0.0,0.0,0.0,0.0
1890,0.0,0.0,0.0,0.0
1891,0.0,0.0,0.0,0.0
1892,0.0,0.0,0.0,0.0
1893,0.0,0.0,0.0,0.0
1894,0.0,0.0,0.0,0.0
1895,0.0,0.0,0.0,0.0
1896,0.0,0.0,0.0,0.0
1897,0.0,0.0,0.0,0.0
1898,0.0,0.0,0.0,0.0
1899,0.0,0.0,0.0,0.0
1900,0.0,0.0,0.0,0.0
1901,0.0,0.0,0.0,0.0
1902,0.0,0.0,0.0,0.0
1903,0.0,0.0,0.0,0.0
1904,0.0,0.0,0.0,0.0
1905,0.0,0.0,0.0,0.0
1906,0.0,0.0,0.0,0.0
1907,0.0,0.0,0.0,0.0
1908,0.0,0.0,0.0,0.0
1909,0.0,0.0,0.0,0.0
1910,0.0,0.0,0.0,0.0
1911,0.0,0.0,0.0,0.0
1912,0.0,0.0,0.0,0.0
1913,0.0,0.0,0.0,0.0
1914,0.0,0.0,0.0,0.0
1915,0.0,0.0,0.0,0.0
1916,0.0,0.0,0.0,0.0
1917,0.0,0.0,0.0,0.0
1918,0.0,0.0,0.0,0.0
1919,0.0,0.0,0.0,0.0
1920,0.0,0.0,0.0,0.0
1921,0.0,0.0,0.0,0.0
1922,0.0,0.0,0.0,0.0
1923,0.0,0.0,0.0,0.0
1924,0.0,0.0,0.0,0.0
1925,0.0,0.0,0.0,0.0
1926,0.0,0.0,0.0,0.0
1927,0.0,0.0,0.0,0.0
1928,0.0,0.0,0.0,0.0
1929,0.0,0.0,0.0,0.0
1930,0.0,0.0,0.0,0.0
1931,0.0,0.0,0.0,0.0
1932,0.0,0.0,0.0,0.0
1933,0.0,0.0,0.0,0.0
1934,0.0,0.0,0.0,0.0
1935,0.0,0.0,0.0,0.0
1936,0.0,0.0,0.0,0.0
1937,0.0,0.0,0.0,0.0
1938,0.0,0.0,0.0,0.0
1939,0.0,0.0,0.0,0.0
1940,0.0,0.0,0.0,0.0
1941,0.0,0.0,0.0,0.0
1942,0.0,0.0,0.0,0.0
1943,0.0,0.0,0.0,0.0
1944,0.0,0.0,0.0,0.0
1945,0.0,0.0,0.0,0.0
1946,0.0,0.0,0.0,0.0
1947,0.0,0.0,0.0,0.0
1948,0.0,0.0,0.0,0.0
1949,0.0,0.0,0.0,0.0
1950,0.0,0.0,0.0,0.0
1951,0.0,0.0,0.0,0.0
1952,0.0,0.0,0.0,0.0
1953,0.0,0.0,0.0,0.0
1954,0.0,0.0,0.0,0.0
1955,0.0,0.0,0.0,0.0
1956,0.0,0.0,0.0,0.0
1957,0.0,0.0,0.0,0.0
1958,0.0,0.0,0.0,0.0
1959,0.0,0.0,0.0,0.0
1960,0.0,0.0,0.0,0.0
1961,0.0,0.0,0.0,0.0
1962,0.0,0.0,0.0,0.0
1963,0.0,0.0,0.0,0.0
1964,0.0,0.0,0.0,0.0
1965,0.0,0.0,0.0,0.0
1966,0.0,0.0,0.0,0.0
1967,0.0,0.0,0.0,0.0
1968,0.0,0.0,0.0,0.0
1969,0.0,0.0,0.0,0.0
1970,0.0,0.0,0.0,0.0
1971,0.0,0.0,0.0,0.0
1972,0.0,0.0,0.0,0.0
1973,0.0,0.0,0.0,0.0
1974,0.0,0.0,0.0,0.0
1975,0.0,0.0,0.0,0.0
1976,0.0,0.0,0.0,0.0
1977,0.0,0.0,0.0,0.0
1978,0.0,0.0,0.0,0.0
1979,0.0,0.0,0.0,0.0
1980,0.0,0.0,0.0,0.0
1981,0.0,0.0,0.0,0.0
1982,0.0,0.0,0.0,0.0
1983,0.0,0.0,0.0,0.0
1984,0.0,0.0,0.0,0.0
1985,0.0,0.0,0.0,0.0
1986,0.0,0.0,0.0,0.0
1987,0.0,0.0,0.0,0.0
1988,0.0,0.0,0.0,0.0
1989,0.0,0.0,0.0,0.0
1990,0.0,0.0,0.0,0.0
1991,0.0,0.0,0.0,0.0
1992,0.0,0.0,0.0,0.0
1993,0.0,0.0,0.0,0.0
1994,0.0,0.0,0.0,0.0
1995,0.0,0.0,0.0,0.0
1996,0.0,0.0,0.0,0.0
1997,0.0,0.0,0.0,0.0
1998,0.0,0.0,0.0,0.0
1999,0.0,0.0,0.0,0.0
