episode,length,time,reward,delta
0,38.0,0.006225000000085856,-1.7600000000000002,-1.0005401010000428
1,38.0,0.007902000000285625,-1.7600000000000002,-1.0003180511211804
2,28.0,0.006198999999469379,-1.56,-1.0001714889191757
3,36.0,0.007306999999855179,-1.7200000000000002,-0.9998727149636047
4,29.0,0.0051940000003014575,-1.58,-1.0000856878740727
5,61.0,0.011416000000281201,-2.2200000000000006,-1.0000170063627978
6,38.0,0.004748000000290631,-1.7600000000000002,-0.9999688055493574
7,48.0,0.009549999999762804,-1.9600000000000004,-0.9904206140738541
8,28.0,0.00470599999971455,-1.56,-0.9903387328121056
9,29.0,0.0043670000004567555,-1.58,-0.9899871602765615
10,16.0,0.0030299999998533167,-1.32,-0.9851331951001245
11,38.0,0.007346000000325148,-1.7600000000000002,-1.0005364285451255
12,24.0,0.005031000000599306,-1.4800000000000002,-1.0003715605410066
13,149.0,0.028449999999793363,-3.980000000000002,-1.0001954698397797
14,42.0,0.009022000000186381,-1.8400000000000003,-0.9901692008360102
15,26.0,0.0042929999999614665,-1.52,-0.9679211398243333
16,51.0,0.0061840000007578055,-2.0200000000000005,-1.0002889194571172
17,51.0,0.007623000000421598,-2.0200000000000005,-1.0001623304482097
18,38.0,0.004711999999926775,-1.7600000000000002,-0.9998431403717981
19,101.0,0.01417700000001787,-3.0200000000000014,-0.9995581799463502
20,21.0,0.0034970000006069313,-1.4200000000000002,-1.0006694624944839
21,29.0,0.004543000000012398,-1.58,-0.9901187462858901
22,53.0,0.006752999999662279,-2.0600000000000005,-0.9999092865043179
23,69.0,0.012298999999984517,-2.380000000000001,-0.9902306400404723
24,20.0,0.004144999999880383,-1.4000000000000001,-0.9900937520613505
25,46.0,0.0053960000004735775,-1.9200000000000004,-0.989866568740041
26,58.0,0.008598000000347383,-2.1600000000000006,-0.9822403217831552
27,22.0,0.003495999999358901,-1.4400000000000002,-0.9787766606368158
28,114.0,0.01911599999948521,-3.2800000000000016,-0.4951693664060528
29,40.0,0.007247999999890453,-1.8000000000000003,-1.0003455435327435
30,104.0,0.014151999999739928,-3.0800000000000014,-0.9867306875638631
31,68.0,0.011650000000372529,-2.3600000000000008,-0.9902341840553118
32,66.0,0.012216000000080385,-2.3200000000000007,-0.9998876902999303
33,35.0,0.006589000000531087,-1.7000000000000002,-0.2475846832030264
34,41.0,0.007351000000198837,-1.8200000000000003,-0.9725255681144074
35,65.0,0.011655000000246218,-2.3000000000000007,-0.9899631042694669
36,34.0,0.006405999999515188,-1.6800000000000002,-0.9999078932314235
37,47.0,0.007574000000204251,-1.9400000000000004,-0.9867286011568834
38,79.0,0.015623000000232423,-2.580000000000001,-0.9824073140832027
39,109.0,0.023748999999952503,-3.1800000000000015,-0.964459130435918
40,48.0,0.009509999999863794,-1.9600000000000004,-0.8432605821433488
41,58.0,0.010946000000330969,-2.1600000000000006,-0.9902076317475275
42,64.0,0.01652399999966292,-2.2800000000000007,-0.9901235507055158
43,31.0,0.008025999999517808,-1.62,-0.9668557257113684
44,123.0,0.028527999999823805,-3.4600000000000017,-0.985209532582062
45,13.0,0.0028009999996356783,-1.26,-0.7317249402475221
46,34.0,0.007234000000607921,-1.6800000000000002,-0.4216302910716744
47,35.0,0.007945000000290747,-1.7000000000000002,-0.49336534378193153
48,159.0,0.027082999999947788,-4.180000000000002,-0.9685503509014055
49,34.0,0.009332000000540575,-1.6800000000000002,-0.9901310968876693
50,46.0,0.012400999999954365,-1.9200000000000004,-1.0005091847820162
51,61.0,0.015325999999731721,-2.2200000000000006,-0.9897060482238762
52,34.0,0.006465000000389409,-1.6800000000000002,-0.732131141201994
53,34.0,0.00629300000036892,-1.6800000000000002,-0.7399027898643943
54,57.0,0.009111000000302738,-2.1400000000000006,-1.0006280375286996
55,92.0,0.0163460000003397,-2.840000000000001,-1.0002259130719982
56,23.0,0.0058550000003378955,-1.4600000000000002,-0.8447242635603094
57,52.0,0.010970999999699416,-2.0400000000000005,-1.0004438365550121
58,96.0,0.01786900000024616,-2.9200000000000013,-0.9996066556041049
59,152.0,0.02702399999998306,-4.040000000000003,-1.0002560853331945
60,32.0,0.006722999999510648,-1.6400000000000001,-0.9903072770779121
61,46.0,0.008536000000276545,-1.9200000000000004,-0.9997212853598626
62,106.0,0.02161400000022695,-3.1200000000000014,-1.0003124439944144
63,59.0,0.011883999999554362,-2.1800000000000006,-0.9823896451280325
64,29.0,0.006935999999768683,-1.58,-0.8408071143296884
65,112.0,0.020254000000022643,-3.2400000000000015,-0.9998903238392655
66,43.0,0.007591999999931431,-1.8600000000000003,-0.9899737480871202
67,139.0,0.021068000000013853,-3.780000000000002,-0.971659720309151
68,82.0,0.008461999999781256,-2.640000000000001,-1.0002865024908767
69,22.0,0.0027280000003884197,-1.4400000000000002,-0.9849489966363191
70,141.0,0.020599999999831198,-3.820000000000002,-0.9849565429600167
71,43.0,0.005613999999695807,-1.8600000000000003,-0.982221866866867
72,38.0,0.006163999999444059,-1.7600000000000002,-0.990228683994058
73,63.0,0.01147800000035204,-2.2600000000000007,-0.9995695198656598
74,52.0,0.00895700000000943,-2.0400000000000005,-0.9787735680100238
75,34.0,0.007032999999864842,-1.6800000000000002,-0.737443537797175
76,101.0,0.016587999999501335,-3.0200000000000014,-0.4948530241119381
77,50.0,0.00931999999920663,-2.0000000000000004,-0.9720969235607778
78,97.0,0.013041999999586551,-2.9400000000000013,-0.9638493250683224
79,33.0,0.0050369999999020365,-1.6600000000000001,-0.9900153075529072
80,87.0,0.014817999999650056,-2.740000000000001,-0.5001280426665973
81,66.0,0.009173999999802618,-2.3200000000000007,-1.0002939172620284
82,23.0,0.004277000000001863,-1.4600000000000002,-0.7323589290046977
83,191.0,0.02859199999966222,-4.820000000000003,-0.984666325783104
84,266.0,0.045947999999953026,-6.3199999999999745,-1.0004180007691614
85,56.0,0.012176000000181375,-2.1200000000000006,-0.5417757413039456
86,311.0,0.0581080000001748,-7.219999999999955,-0.3699513949321971
87,175.0,0.035542999999961467,-4.500000000000003,-0.49510381587376373
88,81.0,0.013684999999895808,-2.620000000000001,-0.9652929441228404
89,51.0,0.009675999999672058,-2.0200000000000005,-0.9998320527619498
90,57.0,0.010095000000546861,-2.1400000000000006,-0.9863576474509235
91,109.0,0.021846000000550703,-3.1800000000000015,-0.9850703014944914
92,70.0,0.013227999999799067,-2.400000000000001,-0.9998111770798713
93,67.0,0.015675999999984924,-2.3400000000000007,-0.9899501970299178
94,217.0,0.045702999999775784,-5.339999999999995,-0.9806784919572911
95,42.0,0.008203000000321481,-1.8400000000000003,-0.9847968814033372
96,233.0,0.046604999999544816,-5.659999999999989,-0.9875114963912153
97,116.0,0.021075999999993655,-3.3200000000000016,-0.9872570213846836
98,33.0,0.007058000000142783,-1.6600000000000001,-0.5003347312472419
99,359.0,0.05927799999972194,-8.179999999999936,-0.49508460041800506
100,46.0,0.007096999999703257,-1.9200000000000004,-0.9822009933737621
101,107.0,0.017665999999735504,-3.1400000000000015,-1.0000430645093188
102,52.0,0.011190000000169675,-2.0400000000000005,-0.9996602428405021
103,39.0,0.008297999999740568,-1.7800000000000002,-0.4912036570416013
104,221.0,0.04389999999966676,-5.419999999999994,-1.0006072361879528
105,93.0,0.017638999999689986,-2.860000000000001,-0.9816626674519702
106,57.0,0.010460000000421132,-2.1400000000000006,-0.9787624627938529
107,95.0,0.018317999999453605,-2.9000000000000012,-0.27088787065197273
108,78.0,0.014909000000443484,-2.560000000000001,-0.98126477838429
109,204.0,0.03982999999971071,-5.080000000000001,-0.9849188542803253
110,73.0,0.012340999999651103,-2.460000000000001,-1.0004071455277148
111,95.0,0.015432999999575259,-2.9000000000000012,-0.5000977349198898
112,120.0,0.019492999999783933,-3.4000000000000017,-0.495114341997029
113,97.0,0.011637000000519038,-2.9400000000000013,-0.9873552257740011
114,42.0,0.006053000000065367,-1.8400000000000003,-1.000331094795949
115,79.0,0.010523999999350053,-2.580000000000001,-0.9900523730069213
116,57.0,0.007697000000007392,-2.1400000000000006,-0.7296670623912188
117,85.0,0.011296000000584172,-2.700000000000001,-0.9811050835538743
118,68.0,0.01088400000026013,-2.3600000000000008,-1.000454578561199
119,77.0,0.01148399999965477,-2.540000000000001,-0.9694434886970018
120,41.0,0.00640800000019226,-1.8200000000000003,-0.7295607694753259
121,43.0,0.005463999999847147,-1.8600000000000003,-1.0003821949902196
122,74.0,0.012970000000677828,-2.480000000000001,-0.9996466827752887
123,29.0,0.00359299999945506,-1.58,-0.7300525350020675
124,189.0,0.023871000000326603,-4.780000000000003,-0.9875063967932728
125,201.0,0.02812999999969179,-5.020000000000002,-0.990299918874988
126,457.0,0.06260500000007596,-10.139999999999894,-0.4999160263809749
127,83.0,0.01214700000036828,-2.660000000000001,-1.000007590214504
128,162.0,0.0192590000006021,-4.240000000000002,-1.000399252922753
129,63.0,0.01031200000034005,-2.2600000000000007,-0.4924744983181596
130,74.0,0.00837000000046828,-2.480000000000001,-0.7219274452610869
131,124.0,0.018976999999722466,-3.4800000000000018,-0.9757782509035561
132,101.0,0.019545999999536434,-3.0200000000000014,-0.9900737896578454
133,106.0,0.020132999999987078,-3.1200000000000014,-0.9998336933748458
134,83.0,0.014365999999427004,-2.660000000000001,-0.990116321038061
135,38.0,0.006791000000703207,-1.7600000000000002,-0.5475817822659785
136,206.0,0.03929000000061933,-5.12,-1.000392121343295
137,95.0,0.018172000000049593,-2.9000000000000012,-0.9543356395391386
138,76.0,0.013364000000365195,-2.520000000000001,-0.9898171017629013
139,8.0,0.0018300000001545413,-1.16,-0.8455173175296706
140,91.0,0.013287000000673288,-2.820000000000001,-1.000011565013331
141,43.0,0.006354999999530264,-1.8600000000000003,-0.487889125451778
142,107.0,0.014301000000159547,-3.1400000000000015,-0.5002090003845807
143,154.0,0.019341999999596737,-4.080000000000002,-0.7269461912704417
144,298.0,0.051437999999507156,-6.959999999999961,-0.6628504556151167
145,21.0,0.004092000000127882,-1.4200000000000002,-0.4834278628556842
146,168.0,0.03523700000005192,-4.360000000000003,-0.49506177535275786
147,36.0,0.006220999999641208,-1.7200000000000002,-0.9855445194941923
148,91.0,0.01481699999931152,-2.820000000000001,-0.8106972489480554
149,99.0,0.01801100000011502,-2.9800000000000013,-0.2475571709985145
150,500.0,0.07729099999960454,-10.019999999999875,1.0852428552338145e-07
151,265.0,0.047348000000056345,-6.299999999999975,-0.8665416776522423
152,277.0,0.051442999999380845,-6.53999999999997,-1.0004085589451162
153,500.0,0.08540799999991577,-10.019999999999875,-2.6572205741315358e-08
154,48.0,0.008705000000190921,-1.9600000000000004,-1.000248249642555
155,500.0,0.07708699999966484,-10.019999999999875,7.884727800527846e-08
156,145.0,0.02197699999942415,-3.900000000000002,-1.000092701685292
157,112.0,0.01683199999934004,-3.2400000000000015,-1.0000797648257809
158,34.0,0.005839000000378292,-1.6800000000000002,-0.5001857802705034
159,63.0,0.010389000000031956,-2.2600000000000007,-0.9848748481058618
160,429.0,0.06064799999967363,-9.579999999999906,-0.24668267189096582
161,74.0,0.010809999999764841,-2.480000000000001,-0.9998998427245419
162,173.0,0.028264999999919382,-4.460000000000003,-1.000411862113924
163,90.0,0.015056000000186032,-2.800000000000001,-0.982297866339214
164,86.0,0.014355000000250584,-2.720000000000001,-0.49119482256401636
165,105.0,0.018079000000398082,-3.1000000000000014,-0.9996615336115637
166,131.0,0.019044999999096035,-3.620000000000002,-0.7230051450377428
167,32.0,0.008150999999998021,-1.6400000000000001,-0.9860080280626979
168,132.0,0.02448499999991327,-3.640000000000002,-0.9836587001158676
169,396.0,0.06807499999922584,-8.91999999999992,-0.9824460600649563
170,176.0,0.030632999999397725,-4.520000000000003,-0.9877148494598232
171,62.0,0.010715999999774795,-2.2400000000000007,-0.9750075173863726
172,91.0,0.014890999999806809,-2.820000000000001,-0.3687557317054597
173,315.0,0.05435299999953713,-7.299999999999954,-0.9998029485621355
174,66.0,0.00908400000025722,-2.3200000000000007,-0.36617946450234884
175,65.0,0.010027999999692838,-2.3000000000000007,-0.49317882372546173
176,105.0,0.022062000000005355,-3.1000000000000014,-0.9850016856024562
177,60.0,0.009254999999939173,-2.2000000000000006,-0.9767507062752028
178,198.0,0.03450100000009115,-4.960000000000003,-0.9755014070765462
179,216.0,0.03745799999978772,-5.319999999999996,-1.0000451288602936
180,88.0,0.016455999999379856,-2.760000000000001,-1.0006636930847719
181,112.0,0.020891000000119675,-3.2400000000000015,-1.0001518337143676
182,168.0,0.02772000000004482,-4.360000000000003,-0.9898786550293505
183,36.0,0.006492999999863969,-1.7200000000000002,-0.2456018285208006
184,257.0,0.04145000000062282,-6.139999999999978,-0.9695515567162467
185,89.0,0.017106999999668915,-2.780000000000001,-0.9725132202391714
186,264.0,0.04579199999989214,-6.279999999999975,-0.9999494968555719
187,57.0,0.007423000000017055,-2.1400000000000006,-1.0003082128723233
188,138.0,0.02239599999938946,-3.760000000000002,-1.000030473142753
189,91.0,0.014306000000033237,-2.820000000000001,-1.0003035830727984
190,123.0,0.019740000000638247,-3.4600000000000017,-1.0000971452897522
191,126.0,0.01713000000017928,-3.520000000000002,-0.9999329497420992
192,143.0,0.022122000000308617,-3.860000000000002,-0.9903753515070625
193,251.0,0.039928999999574444,-6.019999999999981,-0.9851374952392259
194,460.0,0.060007000000041444,-10.199999999999893,-0.9737769988104115
195,91.0,0.010578000000350585,-2.820000000000001,-0.9996090087782062
196,63.0,0.00769399999990128,-2.2600000000000007,-0.9750697665300122
197,98.0,0.015096000000085041,-2.9600000000000013,-0.9996672049813075
198,84.0,0.011863000000630564,-2.680000000000001,-0.9900646019272019
199,414.0,0.05233200000020588,-9.279999999999912,-0.48938123139692646
200,60.0,0.008272999999462627,-2.2000000000000006,-0.989859845057782
201,47.0,0.0073139999994964455,-1.9400000000000004,-0.499830121420251
202,102.0,0.01269400000001042,-3.0400000000000014,-0.9898961394904913
203,127.0,0.01990399999976944,-3.540000000000002,-1.0001794502919712
204,208.0,0.02789299999949435,-5.159999999999999,-1.0006187899412697
205,52.0,0.0077869999995527905,-2.0400000000000005,-0.47716781976956923
206,79.0,0.013125999999829219,-2.580000000000001,-1.0005673488461764
207,79.0,0.014012999999977183,-2.580000000000001,-0.9902926779734679
208,258.0,0.046794999999292486,-6.159999999999978,-0.9850576339421313
209,109.0,0.020521999999800755,-3.1800000000000015,-0.25010450019229036
210,231.0,0.03562400000009802,-5.6199999999999894,-0.9339528732332348
211,339.0,0.05814199999986158,-7.779999999999943,-0.9876012861301873
212,206.0,0.03063099999963015,-5.12,-0.4669764366166175
213,132.0,0.014341000000058557,-3.640000000000002,-0.9998585522795538
214,99.0,0.011238000000048487,-2.9800000000000013,-1.0001540698450957
215,257.0,0.03206199999931414,-6.139999999999978,-0.985037381601205
216,78.0,0.014165000000502914,-2.560000000000001,-0.9670530902677823
217,146.0,0.01537599999937811,-3.920000000000002,-1.000594466801154
218,303.0,0.04017400000066118,-7.059999999999959,-0.3633825726981046
219,222.0,0.030707999999322055,-5.439999999999993,-0.9902623600738232
220,88.0,0.00937900000008085,-2.760000000000001,-0.9669324123927885
221,363.0,0.04603800000040792,-8.259999999999934,-0.2499580131904875
222,126.0,0.018264999999701104,-3.520000000000002,-0.9704972138036358
223,149.0,0.02268299999923329,-3.980000000000002,-1.000041884264558
224,385.0,0.04760900000019319,-8.699999999999925,-1.0004012650957117
225,187.0,0.022122000000308617,-4.740000000000003,-1.0000105591901534
226,193.0,0.023752000000058615,-4.860000000000003,-0.986088676098035
227,390.0,0.06757899999956862,-8.799999999999923,-0.9867218010883604
228,114.0,0.018152999999983876,-3.2800000000000016,-0.9998481078009053
229,173.0,0.03200600000036502,-4.460000000000003,-0.24648682208173278
230,149.0,0.026471000000128697,-3.980000000000002,-0.9847665983726266
231,226.0,0.04362700000001496,-5.519999999999992,-0.9997334663487647
232,213.0,0.042030000000522705,-5.259999999999997,-0.9904813418527738
233,87.0,0.017366000000038184,-2.740000000000001,-0.9998122725076769
234,295.0,0.05051000000003114,-6.899999999999962,-0.9470374193803458
235,172.0,0.035045999999965716,-4.440000000000003,-0.9861977384547793
236,213.0,0.04172999999991589,-5.259999999999997,-0.5467819602995269
237,109.0,0.023454999999557913,-3.1800000000000015,-0.5001727717663718
238,100.0,0.021748000000116008,-3.0000000000000013,-0.9997076469243134
239,153.0,0.0325089999996635,-4.060000000000002,-0.972470846980916
240,54.0,0.011102000000391854,-2.0800000000000005,-1.0002679729688642
241,274.0,0.04946800000016083,-6.479999999999971,-0.9901339213016904
242,206.0,0.040151000000150816,-5.12,-0.5449409387421452
243,158.0,0.03033899999991263,-4.160000000000002,-0.9903224930896252
244,330.0,0.047193000000333996,-7.599999999999947,-0.9735032923071324
245,209.0,0.033532999999806634,-5.179999999999999,-1.000313069993961
246,114.0,0.01912799999990966,-3.2800000000000016,-0.9900040979861261
247,100.0,0.015354000000115775,-3.0000000000000013,-0.9749815760589441
248,500.0,0.0781650000008085,-10.019999999999875,-0.0007119823018841287
249,183.0,0.03203099999973347,-4.660000000000003,-0.9902092749417557
250,215.0,0.04205699999965873,-5.299999999999996,-0.9660013407822248
251,58.0,0.014527999999700114,-2.1600000000000006,-0.9717465282112911
252,59.0,0.010414000000309898,-2.1800000000000006,-0.9775231222766522
253,267.0,0.047907999999551976,-6.339999999999974,-0.9753106384636729
254,154.0,0.028442999999242602,-4.080000000000002,-0.6047507263998091
255,26.0,0.005463000000418106,-1.52,-0.6092237932306934
256,105.0,0.01987100000042119,-3.1000000000000014,-0.9901086327471411
257,377.0,0.06550700000025245,-8.539999999999928,-0.9805734910035262
258,227.0,0.04212999999981548,-5.539999999999991,-0.9731640895733837
259,157.0,0.031006000000161293,-4.140000000000002,-0.9901362332279935
260,364.0,0.06671300000016345,-8.279999999999934,-1.0002496392091078
261,87.0,0.01812999999947351,-2.740000000000001,-0.9810678157680812
262,145.0,0.03586300000006304,-3.900000000000002,-0.7262590901383372
263,160.0,0.030334999999467982,-4.200000000000003,-0.9771196509995799
264,286.0,0.05524599999989732,-6.719999999999966,-0.967524101949778
265,419.0,0.07623899999998685,-9.37999999999991,-0.9634093187799511
266,209.0,0.03773099999943952,-5.179999999999999,-0.9843677604827304
267,99.0,0.021415999999589985,-2.9800000000000013,-0.980001486906706
268,97.0,0.019884000000274682,-2.9400000000000013,-0.5003093949706349
269,95.0,0.018170999999711057,-2.9000000000000012,-0.9696567491432747
270,168.0,0.029301999999916006,-4.360000000000003,-0.9712149368322485
271,447.0,0.081054000000222,-9.939999999999898,-0.9748132998304976
272,55.0,0.009813000000576722,-2.1000000000000005,-0.9672603402686847
273,202.0,0.03801899999962188,-5.040000000000002,-0.9901398631733942
274,106.0,0.021988999999848602,-3.1200000000000014,-0.9621220913751577
275,387.0,0.07276199999978417,-8.739999999999924,-0.9998921721270381
276,87.0,0.015462000000297849,-2.740000000000001,-0.49986064267993136
277,258.0,0.04655300000013085,-6.159999999999978,-0.9684826692954807
278,500.0,0.09107000000039989,-10.019999999999875,-0.00017456209139844053
279,324.0,0.06068000000050233,-7.47999999999995,-0.9996680652458524
280,427.0,0.08530600000085542,-9.539999999999907,-1.0002088814897432
281,104.0,0.021649000000252272,-3.0800000000000014,-1.0003143849502885
282,500.0,0.09823599999981525,-10.019999999999875,-0.0007886459174252791
283,174.0,0.0359070000004067,-4.480000000000002,-0.9899784193692159
284,165.0,0.03625099999953818,-4.3000000000000025,-0.8734150045226543
285,308.0,0.05573000000003958,-7.159999999999957,-0.2734815030868797
286,170.0,0.030737000000044645,-4.400000000000002,-0.9624239833629558
287,168.0,0.02972299999964889,-4.360000000000003,-0.49986648436150355
288,117.0,0.016080999999758205,-3.3400000000000016,-0.9683300593039668
289,431.0,0.08625800000027084,-9.619999999999905,-0.9847675072821941
290,340.0,0.06717699999990145,-7.799999999999943,-0.9630436735549244
291,229.0,0.04260300000078132,-5.57999999999999,-0.985838959438013
292,80.0,0.01640800000041054,-2.600000000000001,-0.9639672911691161
293,159.0,0.02996999999959371,-4.180000000000002,-0.973459132025266
294,157.0,0.029078999999910593,-4.140000000000002,-0.977138066667377
295,342.0,0.06556099999943399,-7.839999999999942,-1.0001946768688166
296,200.0,0.0334419999999227,-5.000000000000003,-0.9780037792238196
297,310.0,0.05828099999962433,-7.199999999999956,-0.9712955343675048
298,352.0,0.05526800000006915,-8.039999999999939,-0.9078256069299117
299,466.0,0.0719730000000709,-10.31999999999989,-0.9750780990433607
300,488.0,0.07401500000014494,-10.75999999999988,-0.9901433648265506
301,72.0,0.012670999999500054,-2.440000000000001,-0.45391280346495577
302,500.0,0.07623300000068411,-10.019999999999875,-4.571133858759235e-06
303,237.0,0.03976299999976618,-5.739999999999987,-0.9664865681995869
304,205.0,0.030803000000560132,-5.1000000000000005,-0.9277059664539098
305,311.0,0.0552189999998518,-7.219999999999955,-0.9999931130922646
306,301.0,0.05229499999950349,-7.01999999999996,-1.000396397518813
307,298.0,0.05212699999992765,-6.959999999999961,-0.9848456613682587
308,261.0,0.04613999999946827,-6.219999999999977,-0.9996332819433252
309,382.0,0.06968699999924866,-8.639999999999926,-0.7028275445782572
310,165.0,0.020438999999896623,-4.3000000000000025,-0.9670384371977603
311,455.0,0.06754799999998795,-10.099999999999895,-0.9851297386184799
312,500.0,0.07037000000036642,-10.019999999999875,-9.730498005747212e-06
313,218.0,0.031917999999677704,-5.359999999999995,-1.000473183476784
314,236.0,0.033135000000584114,-5.719999999999987,-0.4638529832269549
315,230.0,0.04362499999933789,-5.59999999999999,-0.2501150455929825
316,272.0,0.0492340000000695,-6.439999999999972,-0.9762373996497017
317,212.0,0.039334999999482534,-5.2399999999999975,-0.5002733673836481
318,221.0,0.04335300000002462,-5.419999999999994,-0.9841221992624036
319,105.0,0.022815000000264263,-3.1000000000000014,-0.5000998711421476
320,500.0,0.09893499999998312,-10.019999999999875,-3.844688967761384e-05
321,482.0,0.08512100000007194,-10.639999999999883,-0.9762658679048442
322,325.0,0.060112000000117405,-7.499999999999949,-0.9999350274836819
323,149.0,0.026622000000315893,-3.980000000000002,-0.9629458292860501
324,500.0,0.08680800000001909,-10.019999999999875,-1.1203184715480319e-06
325,174.0,0.03270200000042678,-4.480000000000002,-0.5503129740031831
326,151.0,0.02814799999941897,-4.020000000000002,-0.9998700985601734
327,319.0,0.05592799999976705,-7.379999999999952,-0.9999209532453018
328,346.0,0.05285300000014104,-7.91999999999994,-0.27511683510925666
329,500.0,0.10479300000042713,-10.019999999999875,-1.4986074960143814e-07
330,119.0,0.026605999999446794,-3.3800000000000017,-1.000441468194133
331,500.0,0.08902500000021973,-10.019999999999875,1.215583579905477e-07
332,210.0,0.04407000000082917,-5.199999999999998,-0.9901533819479111
333,264.0,0.05624400000033347,-6.279999999999975,-0.8260334295271826
334,342.0,0.0705710000002,-7.839999999999942,-0.9997488914200491
335,119.0,0.023927000000185217,-3.3800000000000017,-0.9847488551482332
336,214.0,0.039217000000462576,-5.279999999999997,-0.9997616892324092
337,256.0,0.046045000000049185,-6.119999999999979,-0.9897624264463092
338,348.0,0.05787799999961862,-7.95999999999994,-0.9996788343746194
339,397.0,0.07676200000059907,-8.93999999999992,-0.9754255485128033
340,500.0,0.07341800000085641,-10.019999999999875,-7.38317240678299e-10
341,500.0,0.06648700000005192,-10.019999999999875,8.710892750174448e-09
342,268.0,0.03290899999956309,-6.359999999999974,-0.979196509496524
343,140.0,0.01859000000058586,-3.800000000000002,-0.9851110780028398
344,146.0,0.019645000000309665,-3.920000000000002,-0.736017511605173
345,72.0,0.01155300000027637,-2.440000000000001,-0.7025197930378864
346,127.0,0.020543999999972584,-3.540000000000002,-0.5000200442680443
347,277.0,0.047699000000648084,-6.53999999999997,-0.9680335524809959
348,194.0,0.035467000000608095,-4.880000000000003,-0.4998166409716626
349,500.0,0.09518699999989622,-10.019999999999875,-3.120681301940764e-06
350,306.0,0.04610800000045856,-7.1199999999999575,-0.8030864305805783
351,500.0,0.08539199999995617,-10.019999999999875,-1.1539261907111964e-10
352,101.0,0.014694999999846914,-3.0200000000000014,-0.40154321529028913
353,500.0,0.08197999999993044,-10.019999999999875,-3.164135620181696e-15
354,500.0,0.08672200000000885,-10.019999999999875,-4.0467629247586956e-14
355,476.0,0.09890899999936664,-10.519999999999886,-0.80145178618411
356,500.0,0.09524799999962852,-10.019999999999875,2.5343727116933223e-11
357,500.0,0.09347799999977724,-10.019999999999875,1.0824674490095276e-15
358,500.0,0.09349000000020169,-10.019999999999875,-6.675914105604142e-05
359,500.0,0.09073400000033871,-10.019999999999875,-1.9297972919524176e-06
360,399.0,0.07099900000048365,-8.979999999999919,-0.8144110207975302
361,500.0,0.09151400000064314,-10.019999999999875,-2.2724099432158695e-06
362,491.0,0.09009900000000926,-10.81999999999988,-0.9739089376860879
363,412.0,0.06514199999946868,-9.239999999999913,-0.9824657767319718
364,500.0,0.06600299999990966,-10.019999999999875,-1.249000902703301e-16
365,500.0,0.08868400000028487,-10.019999999999875,1.7925612785796297e-08
366,421.0,0.07754899999963527,-9.41999999999991,-0.9757386124159524
367,500.0,0.08777199999985896,-10.019999999999875,-0.00023045784322776874
368,500.0,0.08685199999945326,-10.019999999999875,-1.7071871694085416e-11
369,500.0,0.08485300000029383,-10.019999999999875,-4.967769251518206e-12
370,281.0,0.03382499999952415,-6.619999999999968,-0.9997632708959703
371,177.0,0.02844600000025821,-4.540000000000003,-0.9900952083999222
372,466.0,0.07622400000036578,-10.31999999999989,-0.9995906351740245
373,500.0,0.08559999999943102,-10.019999999999875,-3.412930677400283e-05
374,500.0,0.09595900000022084,-10.019999999999875,0.0
375,500.0,0.08670100000017555,-10.019999999999875,0.0
376,500.0,0.091272000000572,-10.019999999999875,4.200667591547358e-13
377,500.0,0.09559399999943707,-10.019999999999875,2.16291421738235e-07
378,500.0,0.09576800000013463,-10.019999999999875,2.8830447491606792e-05
379,500.0,0.09767099999953643,-10.019999999999875,2.0791460914049154e-10
380,392.0,0.07684900000003836,-8.839999999999922,-0.9849243156625898
381,500.0,0.09478200000012293,-10.019999999999875,0.0
382,500.0,0.08567700000003242,-10.019999999999875,0.0
383,500.0,0.08217300000069372,-10.019999999999875,1.5265289032839746e-12
384,500.0,0.08761200000026292,-10.019999999999875,6.938893903907228e-18
385,500.0,0.1054599999997663,-10.019999999999875,0.0
386,500.0,0.0994989999999234,-10.019999999999875,6.459506884243238e-08
387,500.0,0.10090499999932945,-10.019999999999875,-1.4122687165551984e-08
388,500.0,0.09355499999946915,-10.019999999999875,4.789391356910255e-07
389,500.0,0.11134500000025582,-10.019999999999875,0.0
390,500.0,0.11066899999968882,-10.019999999999875,9.408029910673577e-13
391,500.0,0.0991199999998571,-10.019999999999875,0.0
392,500.0,0.09169500000007247,-10.019999999999875,-4.0245584642661925e-16
393,500.0,0.08009799999945244,-10.019999999999875,8.282230457012929e-11
394,500.0,0.08792100000027858,-10.019999999999875,0.0
395,500.0,0.09946099999979197,-10.019999999999875,-1.3079815008865125e-14
396,500.0,0.09850100000039674,-10.019999999999875,5.480768004724468e-05
397,500.0,0.07894499999929394,-10.019999999999875,0.0
398,500.0,0.07325500000024476,-10.019999999999875,-5.457611901293902e-08
399,500.0,0.077701000000161,-10.019999999999875,-1.926247952810378e-09
400,500.0,0.07634499999949185,-10.019999999999875,5.727016083589831e-13
401,500.0,0.07926500000030501,-10.019999999999875,0.0
402,500.0,0.09576000000015483,-10.019999999999875,0.0
403,500.0,0.08592500000031578,-10.019999999999875,-4.4040515246451806e-07
404,500.0,0.07819300000028306,-10.019999999999875,4.0245584642661925e-16
405,500.0,0.075713000000178,-10.019999999999875,1.5036583089766964e-13
406,500.0,0.0707380000003468,-10.019999999999875,0.0
407,500.0,0.07456999999976688,-10.019999999999875,5.8806074176853684e-09
408,500.0,0.10027999999965687,-10.019999999999875,0.0
409,500.0,0.08778600000005099,-10.019999999999875,-2.7755575615628914e-17
410,500.0,0.07703099999980623,-10.019999999999875,0.0
411,178.0,0.035147999999935564,-4.560000000000002,-0.9778693303376816
412,500.0,0.08665999999993801,-10.019999999999875,-1.1796119636642288e-16
413,500.0,0.07757800000035786,-10.019999999999875,0.0
414,500.0,0.09130399999958172,-10.019999999999875,2.0067419947977783e-12
415,500.0,0.0989529999997103,-10.019999999999875,1.7069679003611782e-15
416,500.0,0.08221299999968323,-10.019999999999875,2.028974210865897e-12
417,424.0,0.0753180000001521,-9.479999999999908,-0.9876566786687153
418,290.0,0.05156600000009348,-6.799999999999964,-1.0006608819631702
419,500.0,0.07947300000068935,-10.019999999999875,0.0
420,315.0,0.0549829999999929,-7.299999999999954,-0.9871210565796666
421,500.0,0.09215899999981048,-10.019999999999875,-0.001894005604063248
422,500.0,0.09469600000011269,-10.019999999999875,-8.589860497523749e-06
423,500.0,0.08697599999959493,-10.019999999999875,1.3877787807814457e-17
424,499.0,0.07683999999972002,-10.979999999999876,-0.9785489172180182
425,304.0,0.039584999999533466,-7.079999999999958,-0.9786771689292286
426,451.0,0.05286900000010064,-10.019999999999897,-0.9623307014560016
427,500.0,0.06444699999974546,-10.019999999999875,-3.6905180300639273e-10
428,500.0,0.07516000000032363,-10.019999999999875,-2.4424906541753444e-15
429,229.0,0.02985499999977037,-5.57999999999999,-0.9802597457760035
430,500.0,0.06300600000031409,-10.019999999999875,0.0
431,405.0,0.04904900000019552,-9.099999999999916,-0.98731123832015
432,500.0,0.07135500000003958,-10.019999999999875,4.275815812526673e-13
433,143.0,0.021579999999630672,-3.860000000000002,-0.8179489370674752
434,153.0,0.029748999999355874,-4.060000000000002,-0.979757910935335
435,278.0,0.05024599999978818,-6.559999999999969,-1.0005223421772977
436,500.0,0.0948870000001989,-10.019999999999875,3.8858639431205155e-09
437,500.0,0.08965100000023085,-10.019999999999875,8.9894062749174e-09
438,276.0,0.046369000000595406,-6.51999999999997,-0.499967513741841
439,427.0,0.07503099999939877,-9.539999999999907,-1.000659731383313
440,288.0,0.05282899999929214,-6.759999999999965,-1.0001983343756642
441,500.0,0.07369199999993725,-10.019999999999875,-8.616149077308316e-05
442,445.0,0.09603100000003906,-9.899999999999899,-0.9900854703198367
443,500.0,0.09295399999973597,-10.019999999999875,-2.7495179744096987e-11
444,500.0,0.08230000000003201,-10.019999999999875,-6.105546623835778e-12
445,500.0,0.07083299999976589,-10.019999999999875,-1.1050556303349168e-11
446,500.0,0.0694020000000819,-10.019999999999875,2.0816681711721685e-17
447,500.0,0.07736500000009983,-10.019999999999875,0.0
448,366.0,0.050525999999990745,-6.319999999999932,0.9997358758398311
449,500.0,0.07410899999922549,-10.019999999999875,9.610598818626803e-06
450,246.0,0.033597000000554544,-5.919999999999983,-1.0002360702643207
451,500.0,0.06225499999982276,-10.019999999999875,0.0
452,500.0,0.06896899999992456,-10.019999999999875,3.2335245592207684e-15
453,500.0,0.06047099999977945,-10.019999999999875,7.049916206369744e-15
454,379.0,0.061964999999872816,-8.579999999999927,-0.9672620509044549
455,500.0,0.08829100000002654,-10.019999999999875,-1.249000902703301e-16
456,433.0,0.07703399999991234,-9.659999999999904,-1.000259105481595
457,500.0,0.07713400000011461,-10.019999999999875,1.457167719820518e-16
458,500.0,0.06919500000003609,-10.019999999999875,0.0
459,500.0,0.07104199999957928,-10.019999999999875,-3.5589586833140174e-14
460,500.0,0.06928499999958149,-10.019999999999875,-1.2995535203508268e-11
461,500.0,0.06407599999965896,-10.019999999999875,-1.7756629500098597e-14
462,500.0,0.0649200000007113,-10.019999999999875,0.0002484807855917398
463,500.0,0.0713899999991554,-10.019999999999875,-5.5292610317420054e-06
464,336.0,0.054470000000037544,-7.719999999999945,-0.990179332928924
465,500.0,0.08812699999998586,-10.019999999999875,-1.4015738343531314e-07
466,444.0,0.07725000000027649,-9.8799999999999,-0.9872835994069029
467,500.0,0.09349099999963073,-10.019999999999875,-3.269606807521086e-14
468,500.0,0.07335200000034092,-10.019999999999875,-1.928734949530053e-12
469,500.0,0.06910299999981362,-10.019999999999875,-1.1032841307212493e-15
470,500.0,0.06147199999941222,-10.019999999999875,2.7755575615628914e-17
471,457.0,0.05343399999946996,-10.139999999999894,-0.7336732316039393
472,500.0,0.06868500000018685,-10.019999999999875,-9.481743107400686e-07
473,346.0,0.04080400000020745,-7.91999999999994,-0.966869359849181
474,500.0,0.07758499999999913,-10.019999999999875,-4.971788680960265e-07
475,402.0,0.06748200000038196,-7.039999999999917,0.4998679379199156
476,500.0,0.08693099999982223,-10.019999999999875,-3.091101206847968e-05
477,500.0,0.08285999999952764,-10.019999999999875,-4.0508813664574816e-10
478,500.0,0.07866000000012718,-10.019999999999875,-7.670320768815575e-07
479,500.0,0.06460500000048341,-10.019999999999875,-7.710560662177457e-11
480,500.0,0.06792200000018056,-10.019999999999875,-1.5790058004172547e-07
481,500.0,0.0615830000006099,-10.019999999999875,-1.3877787807814457e-17
482,304.0,0.041978999999628286,-5.079999999999958,0.5925022529117389
483,500.0,0.06735899999966932,-10.019999999999875,1.249000902703301e-16
484,500.0,0.058589000000210945,-10.019999999999875,0.0
485,500.0,0.07573400000001129,-10.019999999999875,2.3217539002473586e-14
486,500.0,0.09207400000013877,-10.019999999999875,8.743006318923108e-16
487,500.0,0.09287299999959941,-10.019999999999875,0.0
488,500.0,0.0861349999995582,-10.019999999999875,-6.876443858772063e-15
489,500.0,0.08897200000046723,-10.019999999999875,1.9074741786084815e-12
490,500.0,0.09623300000021118,-10.019999999999875,3.5854930136025587e-12
491,500.0,0.09365600000000995,-10.019999999999875,2.4424906541753444e-15
492,500.0,0.07724599999983184,-10.019999999999875,0.0
493,500.0,0.07729999999992287,-10.019999999999875,-4.163336342344337e-17
494,500.0,0.0812499999992724,-10.019999999999875,1.606806354637058e-11
495,500.0,0.08492699999987963,-10.019999999999875,2.143545551822057e-07
496,500.0,0.0716019999999844,-10.019999999999875,-2.0122792321330962e-16
497,500.0,0.07894500000020344,-10.019999999999875,-2.213507155346406e-15
498,500.0,0.08579199999985576,-10.019999999999875,1.214306433183765e-15
499,264.0,0.05212200000005396,-6.279999999999975,-1.0001614437787787
500,500.0,0.09870000000046275,-10.019999999999875,0.0
501,500.0,0.09294099999988248,-10.019999999999875,3.8843928074072664e-14
502,500.0,0.07899499999984982,-10.019999999999875,-4.4825254619240695e-15
503,500.0,0.08453800000006595,-10.019999999999875,3.7546462466897523e-10
504,500.0,0.10281599999962054,-10.019999999999875,2.977059243049196e-06
505,500.0,0.11439300000074581,-10.019999999999875,-1.6943640446451247e-06
506,500.0,0.09832100000039645,-10.019999999999875,0.0
507,500.0,0.11508299999968585,-10.019999999999875,0.0
508,500.0,0.12182099999972706,-10.019999999999875,3.497202527569243e-15
509,475.0,0.0981259999998656,-8.499999999999886,0.7758701567679818
510,500.0,0.09952899999916553,-10.019999999999875,0.0
511,500.0,0.10548599999947328,-10.019999999999875,0.0
512,259.0,0.054188000000067404,-6.1799999999999775,-0.9998868547250268
513,500.0,0.10254100000020117,-10.019999999999875,9.020562075079397e-17
514,500.0,0.09446399999978894,-10.019999999999875,-2.4839158507816705e-13
515,500.0,0.10193100000014965,-10.019999999999875,1.0277473316833152e-12
516,459.0,0.09399699999994482,-10.179999999999893,-1.0001683276450999
517,238.0,0.04804899999999179,-3.7599999999999865,0.9998113625202368
518,500.0,0.09196700000029523,-10.019999999999875,-1.249000902703301e-16
519,500.0,0.0887880000000223,-10.019999999999875,6.245004513516506e-17
520,306.0,0.05692899999939982,-7.1199999999999575,-0.6466311262349702
521,500.0,0.0946220000005269,-10.019999999999875,0.0
522,500.0,0.09662099999968632,-10.019999999999875,1.8650636590678005e-12
523,329.0,0.06284099999993487,-5.579999999999948,0.8776299451580596
524,470.0,0.08644599999934144,-10.399999999999888,-0.9761476258667778
525,500.0,0.0854829999998401,-10.019999999999875,8.847089727481716e-15
526,500.0,0.09181399999943096,-10.019999999999875,2.37775077405189e-13
527,500.0,0.08610500000031607,-10.019999999999875,-2.1926904736346842e-14
528,500.0,0.07674999999926513,-10.019999999999875,1.033895191682177e-15
529,500.0,0.08812099999977363,-10.019999999999875,0.0
530,500.0,0.09724099999948521,-10.019999999999875,6.938893903907228e-17
531,176.0,0.02930800000012823,-2.5200000000000027,0.6938930657254645
532,500.0,0.07351199999993696,-10.019999999999875,6.396287984614113e-07
533,494.0,0.07122600000002421,-8.879999999999878,0.34694653286273236
534,500.0,0.08741199999985838,-10.019999999999875,7.314908123667863e-10
535,500.0,0.08476599999994505,-10.019999999999875,0.0
536,500.0,0.08270699999957287,-10.019999999999875,0.0
537,500.0,0.09789699999964796,-10.019999999999875,-1.5466742132597133e-06
538,492.0,0.09025199999996403,-10.839999999999879,-1.3649089809523982
539,500.0,0.10538900000028661,-10.019999999999875,6.679656827657254e-13
540,226.0,0.0633349999998245,-5.519999999999992,-0.5001180351321604
541,121.0,0.027237999999670137,-3.4200000000000017,-0.9683733536610064
542,500.0,0.10421999999925902,-10.019999999999875,0.0
543,500.0,0.10074900000017806,-10.019999999999875,-2.179463008053495e-07
544,500.0,0.10564200000044366,-10.019999999999875,-1.9575891116452304e-09
545,500.0,0.09460800000033487,-10.019999999999875,8.760048686440314e-09
546,294.0,0.05102400000032503,-6.879999999999963,-1.0000505008141034
547,458.0,0.06503700000030221,-8.159999999999894,0.6022309879437071
548,500.0,0.07215300000007119,-10.019999999999875,9.085384528040308e-11
549,393.0,0.05626900000061141,-8.859999999999921,-0.9768764971909022
550,500.0,0.06627899999966758,-10.019999999999875,-8.211917951195247e-11
551,500.0,0.05863500000032218,-10.019999999999875,4.5878660481779576e-08
552,500.0,0.07011300000067422,-10.019999999999875,5.6812315612359e-07
553,500.0,0.07172600000012608,-10.019999999999875,6.938893903907228e-18
554,326.0,0.05523300000004383,-7.519999999999949,-1.0005416327367886
555,490.0,0.08935500000006869,-10.79999999999988,-1.000095256854817
556,220.0,0.03735899999992398,-5.399999999999994,-0.7634460718724289
557,500.0,0.08842399999957706,-10.019999999999875,3.943963489128066e-10
558,500.0,0.06781799999953364,-10.019999999999875,7.0376514283640446e-06
559,500.0,0.05982899999980873,-10.019999999999875,4.2327252813834093e-16
560,500.0,0.0601329999999507,-10.019999999999875,-1.1058847783768089e-06
561,500.0,0.0597459999999046,-10.019999999999875,8.119546701657043e-13
562,500.0,0.0715650000001915,-10.019999999999875,0.0
563,500.0,0.07552900000064255,-10.019999999999875,7.106666088940727e-10
564,500.0,0.09071799999946961,-10.019999999999875,0.0
565,500.0,0.08285400000022491,-10.019999999999875,0.0
566,500.0,0.07843600000069273,-10.019999999999875,6.938893903907228e-18
567,500.0,0.07057400000030611,-10.019999999999875,0.0
568,500.0,0.08615300000019488,-10.019999999999875,-9.71445146547012e-17
569,273.0,0.045703999999204825,-6.4599999999999715,-0.5960207279532579
570,500.0,0.08835199999975885,-10.019999999999875,0.0
571,500.0,0.08274900000014895,-10.019999999999875,0.0
572,500.0,0.07234499999958643,-10.019999999999875,0.0
573,500.0,0.07480800000030285,-10.019999999999875,1.3877787807814457e-17
574,432.0,0.0653809999994337,-9.639999999999905,-1.0004965558469514
575,500.0,0.06543899999996938,-10.019999999999875,0.0
576,397.0,0.05479800000011892,-8.93999999999992,-0.29801036397662906
577,500.0,0.06448599999930593,-10.019999999999875,0.0
578,500.0,0.07806999999957043,-10.019999999999875,4.017619570362285e-14
579,500.0,0.09420200000022305,-10.019999999999875,0.0
580,500.0,0.08079100000031758,-10.019999999999875,9.853229343548264e-16
581,417.0,0.05814100000043254,-7.339999999999911,1.037624628658382
582,431.0,0.0689089999996213,-9.619999999999905,-0.9898067270780994
583,500.0,0.07597700000042096,-10.019999999999875,0.0
584,500.0,0.07655299999987619,-10.019999999999875,0.0
585,500.0,0.09054500000002008,-10.019999999999875,0.0
586,500.0,0.08845800000017334,-10.019999999999875,0.0
587,500.0,0.07896999999957188,-10.019999999999875,8.326672684688674e-17
588,500.0,0.06913500000064232,-10.019999999999875,-8.089362513175047e-14
589,500.0,0.07773899999938294,-10.019999999999875,0.0
590,500.0,0.07478300000002491,-10.019999999999875,-3.874865877469963e-05
591,500.0,0.07124000000021624,-10.019999999999875,-0.0018823237428337025
592,282.0,0.04561100000046281,-4.639999999999968,0.8567522385215678
593,500.0,0.0863599999993312,-10.019999999999875,9.020562075079397e-17
594,275.0,0.050561000000016065,-4.499999999999971,0.4283761192607839
595,500.0,0.06644899999992049,-10.019999999999875,2.249634784012855e-10
596,273.0,0.03447200000027806,-6.4599999999999715,-0.9652207227396543
597,500.0,0.06966499999998632,-10.019999999999875,0.0
598,394.0,0.052457000000686094,-8.87999999999992,-0.999640954661479
599,500.0,0.06970600000022387,-10.019999999999875,-3.7463088187195126e-14
600,500.0,0.06592800000089483,-10.019999999999875,9.831122027570416e-12
601,500.0,0.070995000000039,-10.019999999999875,9.020562075079397e-17
602,500.0,0.09134900000026391,-10.019999999999875,6.938893903907228e-18
603,500.0,0.09192299999995157,-10.019999999999875,0.0
604,500.0,0.08691400000043359,-10.019999999999875,0.0
605,500.0,0.08054700000047887,-10.019999999999875,0.0
606,500.0,0.08986600000025646,-10.019999999999875,0.0
607,500.0,0.09204399999998714,-10.019999999999875,7.967202760444936e-07
608,500.0,0.06455499999992753,-10.019999999999875,-9.645062526431047e-16
609,500.0,0.06797000000005937,-10.019999999999875,3.5110803153770576e-15
610,380.0,0.050051999999595864,-8.599999999999927,-0.984877724676868
611,311.0,0.03781800000069779,-5.219999999999955,1.0059451471828935
612,500.0,0.0720499999997628,-10.019999999999875,-2.0816681711721685e-17
613,500.0,0.06733899999926507,-10.019999999999875,0.0
614,500.0,0.06424799999967945,-10.019999999999875,1.6644339389387808e-07
615,500.0,0.07208300000002055,-10.019999999999875,0.0
616,500.0,0.06387900000027003,-10.019999999999875,-1.3877787807814457e-17
617,500.0,0.06588299999930314,-10.019999999999875,2.896141659824991e-12
618,500.0,0.07502800000020216,-10.019999999999875,0.0
619,500.0,0.09221299999990151,-10.019999999999875,2.0816681711721685e-17
620,500.0,0.08310699999947246,-10.019999999999875,0.0
621,378.0,0.063083000000006,-8.559999999999928,-0.9999603734257998
622,500.0,0.09360599999945407,-10.019999999999875,0.0
623,500.0,0.09242600000015955,-10.019999999999875,-1.0084086343731258e-12
624,500.0,0.08475300000009156,-10.019999999999875,0.0
625,473.0,0.07337600000028033,-8.459999999999887,0.6372819265423827
626,500.0,0.0642360000001645,-10.019999999999875,0.0
627,500.0,0.0684689999998227,-10.019999999999875,-1.962478790584754e-11
628,500.0,0.07126599999992322,-10.019999999999875,0.0
629,500.0,0.07467600000018138,-10.019999999999875,0.0
630,500.0,0.0690679999997883,-10.019999999999875,5.5058430037391304e-11
631,424.0,0.05679800000052637,-7.479999999999908,0.6555287758752024
632,500.0,0.06220300000040879,-10.019999999999875,-1.0887540868864676e-12
633,450.0,0.0704569999998057,-7.999999999999897,0.3186409632711913
634,500.0,0.09098999999969237,-10.019999999999875,0.0
635,402.0,0.07816399999956047,-7.039999999999917,0.15932048163559565
636,500.0,0.08431300000029296,-10.019999999999875,0.0
637,500.0,0.0805820000005042,-10.019999999999875,-3.3831007439921734e-11
638,339.0,0.04661200000009558,-5.779999999999943,0.7101247088840329
639,500.0,0.07039899999927002,-10.019999999999875,-3.3086798578718657e-10
640,500.0,0.06851000000006024,-10.019999999999875,0.0
641,500.0,0.07939800000076502,-10.019999999999875,0.0
642,500.0,0.08485900000050606,-10.019999999999875,0.0
643,500.0,0.08722300000044925,-10.019999999999875,8.326672684688674e-17
644,500.0,0.0811600000006365,-10.019999999999875,-5.588666808498122e-08
645,500.0,0.06691999999929976,-10.019999999999875,5.551115123125783e-17
646,500.0,0.07763799999975163,-10.019999999999875,0.0
647,500.0,0.08205100000031962,-10.019999999999875,-2.5944524306709127e-14
648,392.0,0.059056999999484106,-8.839999999999922,-0.9715654829769981
649,500.0,0.08926900000005844,-10.019999999999875,-3.755329380794592e-14
650,500.0,0.08615899999949761,-10.019999999999875,-4.3901016852365693e-07
651,500.0,0.08876500000042142,-10.019999999999875,-5.772284733529531e-11
652,500.0,0.08453800000006595,-10.019999999999875,6.715854261596377e-11
653,500.0,0.0908819999995103,-10.019999999999875,8.439395848824915e-10
654,402.0,0.0671970000003057,-7.039999999999917,0.8888573547628522
655,500.0,0.103198999999222,-10.019999999999875,3.839884063135124e-05
656,385.0,0.06539499999962572,-6.699999999999924,0.4444286773814261
657,337.0,0.0521020000005592,-5.739999999999944,0.6115440431894977
658,500.0,0.10164399999939633,-10.019999999999875,2.636779683484747e-16
659,500.0,0.10071799999968789,-10.019999999999875,0.0
660,500.0,0.09506299999975454,-10.019999999999875,-8.89843754237063e-14
661,500.0,0.08848200000011275,-10.019999999999875,-4.85722573273506e-17
662,298.0,0.06128499999977066,-4.959999999999961,0.6363653226803868
663,500.0,0.08111800000006042,-10.019999999999875,7.632783294297951e-17
664,500.0,0.08835199999975885,-10.019999999999875,-4.912736883966318e-15
665,500.0,0.09632700000020122,-10.019999999999875,0.0
666,500.0,0.09595700000045326,-10.019999999999875,1.3877787807814457e-17
667,250.0,0.045068999999784864,-3.9999999999999813,0.49868949235394266
668,500.0,0.09333600000081788,-10.019999999999875,0.0
669,500.0,0.08743499999945925,-10.019999999999875,-3.677613769070831e-16
670,500.0,0.08640500000001339,-10.019999999999875,0.0
671,500.0,0.08868100000017876,-10.019999999999875,-3.469446951953614e-17
672,500.0,0.07464800000070682,-10.019999999999875,-1.389395543061056e-12
673,500.0,0.08810100000027887,-10.019999999999875,2.7755575615628914e-17
674,500.0,0.09808500000053755,-10.019999999999875,6.938893903907228e-18
675,500.0,0.08445400000073278,-10.019999999999875,-6.665501484093284e-14
676,500.0,0.09028800000032788,-10.019999999999875,0.0
677,500.0,0.08000900000024558,-10.019999999999875,-0.00045222458727882386
678,184.0,0.039584000000104425,-2.680000000000003,0.9601510274432207
679,500.0,0.08838500000001659,-10.019999999999875,0.0
680,500.0,0.09146599999985483,-10.019999999999875,3.555621075346238e-12
681,500.0,0.08657399999992776,-10.019999999999875,0.0
682,500.0,0.08556300000054762,-10.019999999999875,-1.2684645001037609e-12
683,500.0,0.08960899999965477,-10.019999999999875,1.720281635552573e-05
684,500.0,0.08476100000007136,-10.019999999999875,0.0
685,500.0,0.09205299999939598,-10.019999999999875,2.0816681711721685e-17
686,500.0,0.09066499999971711,-10.019999999999875,2.7755575615628914e-17
687,500.0,0.08483299999988958,-10.019999999999875,0.0
688,500.0,0.09516900000016904,-10.019999999999875,-1.6632528687665626e-14
689,500.0,0.0997479999996358,-10.019999999999875,0.0
690,500.0,0.09302000000025146,-10.019999999999875,0.0
691,500.0,0.11910799999986921,-10.019999999999875,-5.273559366969494e-16
692,500.0,0.09125700000004144,-10.019999999999875,0.0
693,500.0,0.09252600000036182,-10.019999999999875,8.326672684688674e-17
694,500.0,0.09665200000017649,-10.019999999999875,-8.43769498715119e-15
695,500.0,0.08804199999940465,-10.019999999999875,1.2073675392798577e-15
696,500.0,0.0861510000004273,-10.019999999999875,2.213507155346406e-15
697,500.0,0.08649500000046828,-10.019999999999875,-7.560965742392511e-13
698,500.0,0.09146899999996094,-10.019999999999875,0.0
699,500.0,0.08690300000034767,-10.019999999999875,-8.723574393950523e-05
700,500.0,0.08880299999964336,-10.019999999999875,-2.4668400655514233e-10
701,500.0,0.09550500000023021,-10.019999999999875,0.0
702,500.0,0.10591299999941839,-10.019999999999875,0.0
703,500.0,0.10325200000079349,-10.019999999999875,1.021878163649792e-06
704,500.0,0.0886000000000422,-10.019999999999875,-3.9292727895892665e-06
705,176.0,0.036313999999947555,-2.5200000000000027,0.8070990657267749
706,500.0,0.08699499999966065,-10.019999999999875,6.938893903907228e-18
707,500.0,0.09595199999967008,-10.019999999999875,1.2661816040093754e-12
708,500.0,0.08917999999994208,-10.019999999999875,0.0
709,500.0,0.1046970000006695,-10.019999999999875,-1.243172231824019e-13
710,500.0,0.11641299999973853,-10.019999999999875,0.0
711,500.0,0.09388500000022759,-10.019999999999875,0.0
712,500.0,0.10094500000013795,-10.019999999999875,0.0
713,500.0,0.1027299999996103,-10.019999999999875,-3.7470027081099033e-16
714,500.0,0.08718999999928201,-10.019999999999875,4.163336342344337e-17
715,500.0,0.07915800000046147,-10.019999999999875,3.469446951953614e-17
716,500.0,0.0974740000001475,-10.019999999999875,0.0
717,500.0,0.09965300000021671,-10.019999999999875,4.163336342344337e-17
718,500.0,0.11665400000038062,-10.019999999999875,0.0
719,500.0,0.11621899999954621,-10.019999999999875,0.0
720,500.0,0.09401400000024296,-10.019999999999875,0.0
721,500.0,0.09630899999956455,-10.019999999999875,-1.3360562656217212e-12
722,500.0,0.09772999999950116,-10.019999999999875,0.0
723,500.0,0.10048900000037975,-10.019999999999875,0.0
724,500.0,0.10263599999962025,-10.019999999999875,3.469446951953614e-16
725,500.0,0.09022300000015093,-10.019999999999875,0.0
726,500.0,0.0945929999998043,-10.019999999999875,0.0
727,500.0,0.09006099999987782,-10.019999999999875,-6.938893903907228e-18
728,500.0,0.08676699999978155,-10.019999999999875,0.0003693379971550573
729,500.0,0.08817799999997078,-10.019999999999875,1.1803058530546195e-13
730,500.0,0.08735599999999977,-10.019999999999875,0.0
731,500.0,0.09288900000046851,-10.019999999999875,0.0
732,483.0,0.09148199999981443,-8.659999999999883,0.7138541661544386
733,500.0,0.08435000000008586,-10.019999999999875,-7.957708103578653e-11
734,500.0,0.07686499999999796,-10.019999999999875,0.0
735,500.0,0.09520999999949709,-10.019999999999875,0.0
736,500.0,0.08930899999995745,-10.019999999999875,0.0
737,500.0,0.080073000000084,-10.019999999999875,0.0
738,500.0,0.07493699999940873,-10.019999999999875,1.1102230246251565e-16
739,500.0,0.07730799999990268,-10.019999999999875,3.1751475658980954e-06
740,500.0,0.07609899999988556,-10.019999999999875,1.4436834130937548e-08
741,500.0,0.08794500000021799,-10.019999999999875,0.0
742,500.0,0.07873100000051636,-10.019999999999875,0.0
743,342.0,0.06297799999993003,-5.839999999999942,0.6680539319282467
744,500.0,0.1010019999994256,-10.019999999999875,0.0
745,500.0,0.09653499999967607,-10.019999999999875,0.0
746,500.0,0.0960270000005039,-10.019999999999875,4.579669976578771e-16
747,407.0,0.08158299999922747,-7.139999999999915,0.3340269659641233
748,500.0,0.07587399999920308,-10.019999999999875,0.0
749,500.0,0.09461000000010245,-10.019999999999875,0.0
750,500.0,0.08597300000019459,-10.019999999999875,-4.718447854656915e-16
751,500.0,0.07721399999991263,-10.019999999999875,1.0029685415524625e-12
752,500.0,0.06778399999984686,-10.019999999999875,0.0
753,500.0,0.08516600000075414,-10.019999999999875,0.0
754,500.0,0.09495400000014342,-10.019999999999875,0.0
755,500.0,0.08344400000078167,-10.019999999999875,1.0408340855860843e-16
756,500.0,0.07287799999994604,-10.019999999999875,4.873143555350623e-12
757,500.0,0.08729700000003504,-10.019999999999875,9.366812880884368e-14
758,413.0,0.06348900000011781,-9.259999999999913,-0.8174361731949701
759,500.0,0.0908159999999043,-10.019999999999875,3.913536161803677e-15
760,500.0,0.09785199999987526,-10.019999999999875,0.0
761,500.0,0.10458599999947182,-10.019999999999875,0.0
762,500.0,0.10221199999978126,-10.019999999999875,-9.506284648352903e-16
763,500.0,0.07490899999993417,-10.019999999999875,-1.8735013540549517e-16
764,500.0,0.09731900000042515,-10.019999999999875,-1.3877787807814457e-17
765,500.0,0.08282000000053813,-10.019999999999875,0.0
766,500.0,0.07478400000036345,-10.019999999999875,-2.4147350785597155e-15
767,500.0,0.08965700000044308,-10.019999999999875,0.0
768,500.0,0.10942299999987881,-10.019999999999875,0.0
769,500.0,0.10801699999956327,-10.019999999999875,1.1796119636642288e-16
770,500.0,0.09601000000020576,-10.019999999999875,0.0
771,500.0,0.0925889999998617,-10.019999999999875,1.690617608693379e-05
772,500.0,0.08758300000044983,-10.019999999999875,-9.83935155574045e-15
773,500.0,0.06494599999950879,-10.019999999999875,-1.6373014055659496e-13
774,500.0,0.08666399999947316,-10.019999999999875,1.6073253839010704e-13
775,500.0,0.06782400000065536,-10.019999999999875,-8.533083272616038e-07
776,500.0,0.09087099999942438,-10.019999999999875,0.0
777,500.0,0.09679099999993923,-10.019999999999875,1.8041124150158794e-16
778,500.0,0.11574799999925744,-10.019999999999875,1.366962099069724e-15
779,500.0,0.11052300000028481,-10.019999999999875,1.6375789613221059e-15
780,500.0,0.09597699999994802,-10.019999999999875,0.0
781,120.0,0.023713999999927182,-3.4000000000000017,-0.22695640173247789
782,500.0,0.10204500000054395,-10.019999999999875,0.0
783,500.0,0.10426599999937025,-10.019999999999875,0.0
784,500.0,0.09686299999975745,-10.019999999999875,2.957356581845261e-14
785,500.0,0.08939199999986158,-10.019999999999875,-6.938893903907228e-18
786,500.0,0.11029599999983475,-10.019999999999875,0.0
787,500.0,0.09533100000044215,-10.019999999999875,0.0
788,500.0,0.10617000000002008,-10.019999999999875,9.228728892196614e-16
789,292.0,0.06800799999928131,-4.839999999999963,0.7211215485913766
790,500.0,0.09560099999998783,-10.019999999999875,1.942890293094024e-16
791,500.0,0.09843699999964883,-10.019999999999875,2.7269853042355408e-15
792,500.0,0.10902699999951437,-10.019999999999875,1.3877787807814457e-17
793,500.0,0.08762000000024273,-10.019999999999875,0.0
794,500.0,0.08487499999955617,-10.019999999999875,0.0
795,500.0,0.08235599999989063,-10.019999999999875,1.3877787807814457e-17
796,294.0,0.03721699999914563,-4.879999999999963,0.16701348298206165
797,500.0,0.07674099999985629,-10.019999999999875,0.0
798,262.0,0.03882100000009814,-6.239999999999976,-0.6405353519696431
799,500.0,0.06952799999999115,-10.019999999999875,0.0
800,500.0,0.07750699999996868,-10.019999999999875,0.0
801,500.0,0.07050400000025547,-10.019999999999875,0.0
802,500.0,0.07954499999959808,-10.019999999999875,-0.09217291221669185
803,500.0,0.0743110000003071,-10.019999999999875,-1.3877787807814457e-17
804,500.0,0.07114900000033231,-10.019999999999875,-6.189104784226629e-12
805,500.0,0.08707499999945867,-10.019999999999875,4.85722573273506e-17
806,500.0,0.09015699999963545,-10.019999999999875,0.0
807,500.0,0.0797709999997096,-10.019999999999875,3.469446951953614e-17
808,500.0,0.09421300000030897,-10.019999999999875,-6.459735524266819e-12
809,500.0,0.08802699999978358,-10.019999999999875,-6.390721285498557e-15
810,500.0,0.0861430000004475,-10.019999999999875,1.5590665217168898e-08
811,500.0,0.08560499999930471,-10.019999999999875,-6.167216598518266e-10
812,500.0,0.09076399999958085,-10.019999999999875,1.609823385706477e-15
813,303.0,0.05075600000054692,-5.059999999999959,0.08350674149103088
814,500.0,0.07873499999914202,-10.019999999999875,-3.532440644854473e-08
815,500.0,0.0682809999998426,-10.019999999999875,3.0347519201015527e-06
816,500.0,0.07486900000003516,-10.019999999999875,0.0
817,500.0,0.08019299999978102,-10.019999999999875,0.0
818,500.0,0.08415199999944889,-10.019999999999875,0.0
819,500.0,0.09276099999988219,-10.019999999999875,0.0
820,500.0,0.0904129999998986,-10.019999999999875,0.0
821,500.0,0.0955549999998766,-10.019999999999875,0.0
822,500.0,0.07777900000019144,-10.019999999999875,0.0
823,500.0,0.09274199999981647,-10.019999999999875,0.0
824,500.0,0.07239199999912671,-10.019999999999875,0.0
825,500.0,0.07273199999963254,-10.019999999999875,-1.5008133624760944e-13
826,500.0,0.06947000000036496,-10.019999999999875,-2.3939183968479938e-15
827,500.0,0.08100999999987835,-10.019999999999875,-8.336037220194048e-05
828,500.0,0.06872299999940878,-10.019999999999875,0.0
829,500.0,0.06506400000034773,-10.019999999999875,0.0
830,451.0,0.06019100000048638,-8.019999999999897,0.5304730770705638
831,500.0,0.07791400000041904,-10.019999999999875,1.9526785813295255e-08
832,439.0,0.0799749999996493,-7.779999999999902,0.5826554515593196
833,500.0,0.08938699999998789,-10.019999999999875,-3.468221261965915e-05
834,500.0,0.09836300000006304,-10.019999999999875,7.381458350552705e-06
835,500.0,0.08428000000003522,-10.019999999999875,0.0
836,500.0,0.08320499999990716,-10.019999999999875,-1.6129671903675202e-10
837,151.0,0.02476799999931245,-2.0200000000000022,0.604287421536492
838,500.0,0.07166700000016135,-10.019999999999875,9.020562075079397e-17
839,500.0,0.08408199999939825,-10.019999999999875,0.0
840,491.0,0.06424299999980576,-8.81999999999988,0.486660279424982
841,280.0,0.048057999999400636,-6.599999999999969,-0.9996494902338222
842,297.0,0.05310699999972712,-4.939999999999961,0.9130555074063683
843,381.0,0.0651560000005702,-6.6199999999999255,0.6024483116261858
844,244.0,0.04062199999953009,-5.879999999999984,-0.9867650675610309
845,500.0,0.08074299999952927,-10.019999999999875,-3.485406407932601e-14
846,500.0,0.08220400000027439,-10.019999999999875,2.7755575615628914e-16
847,500.0,0.09279000000060478,-10.019999999999875,0.0
848,500.0,0.0963289999999688,-10.019999999999875,-6.938893903907228e-18
849,500.0,0.09351300000071205,-10.019999999999875,0.0
850,500.0,0.09054199999991397,-10.019999999999875,-0.01829935038966463
851,500.0,0.0935010000002876,-10.019999999999875,1.0145086216939436e-06
852,500.0,0.08949799999936658,-10.019999999999875,0.0
853,500.0,0.0922630000004574,-10.019999999999875,-0.07390258270125753
854,229.0,0.03776899999957095,-3.5799999999999903,0.9953325789554611
855,452.0,0.08494900000005146,-10.039999999999896,-0.9850268730842431
856,500.0,0.08403200000066136,-10.019999999999875,-0.007156610196957635
857,500.0,0.09176799999931973,-10.019999999999875,1.2073675392798577e-15
858,500.0,0.08786000000054628,-10.019999999999875,-0.0030990436726711715
859,500.0,0.07812600000033854,-10.019999999999875,-2.2898349882893854e-16
860,500.0,0.07639500000004773,-10.019999999999875,0.0
861,408.0,0.06768999999985681,-7.159999999999915,0.7595328593428736
862,500.0,0.06638999999995576,-10.019999999999875,1.4491949307249286e-12
863,500.0,0.08018400000037218,-10.019999999999875,-4.163336342344337e-17
864,445.0,0.06938799999988987,-7.899999999999899,0.8232037687246998
865,241.0,0.035806000000775384,-3.819999999999985,0.6877432481082505
866,303.0,0.045750999999654596,-5.059999999999959,0.6742482511078303
867,500.0,0.09579500000018015,-10.019999999999875,2.0816681711721685e-17
868,425.0,0.07917700000052719,-7.499999999999908,0.4116018843623499
869,500.0,0.09267399999953341,-10.019999999999875,-4.440892098500626e-16
870,500.0,0.08577900000000227,-10.019999999999875,-4.617737539569511e-09
871,500.0,0.07083799999963958,-10.019999999999875,0.0
872,500.0,0.07991500000025553,-10.019999999999875,1.3877787807814457e-17
873,500.0,0.06464199999936682,-10.019999999999875,0.0
874,500.0,0.076336000000083,-10.019999999999875,0.0
875,500.0,0.07938600000034057,-10.019999999999875,-1.0283440765590512e-13
876,500.0,0.0667859999994107,-10.019999999999875,6.245004513516506e-17
877,500.0,0.06846800000039366,-10.019999999999875,5.134781488891349e-16
878,500.0,0.07476099999985308,-10.019999999999875,-9.871031769748129e-11
879,312.0,0.04398700000001554,-5.239999999999955,0.8333688577460286
880,421.0,0.08279899999979534,-7.419999999999909,0.41668442887301427
881,500.0,0.08831000000009226,-10.019999999999875,0.0
882,500.0,0.0805820000005042,-10.019999999999875,-7.121673473164947e-09
883,500.0,0.06676400000014837,-10.019999999999875,0.0
884,500.0,0.0730649999995876,-10.019999999999875,0.0
885,500.0,0.0769110000001092,-10.019999999999875,4.0245584642661925e-16
886,500.0,0.08421100000032311,-10.019999999999875,-4.440961487439665e-13
887,500.0,0.07554699999946024,-10.019999999999875,8.493830638833799e-13
888,500.0,0.09342999999989843,-10.019999999999875,0.003241330520577221
889,500.0,0.09154300000045623,-10.019999999999875,4.4000983412395556e-12
890,500.0,0.09159399999953166,-10.019999999999875,-4.309999426799216e-07
891,500.0,0.09707999999955064,-10.019999999999875,-6.938893903907228e-18
892,500.0,0.09009900000000926,-10.019999999999875,-8.587269784143814e-12
893,500.0,0.0932199999997465,-10.019999999999875,1.3877787807814457e-17
894,481.0,0.07872599999973318,-8.619999999999884,0.5895477318525952
895,500.0,0.0649570000005042,-10.019999999999875,0.0
896,289.0,0.03771899999992456,-4.779999999999965,0.6209021681939382
897,500.0,0.07981199999994715,-10.019999999999875,0.0
898,500.0,0.07207399999970221,-10.019999999999875,-3.798713636010698e-08
899,500.0,0.09378100000049017,-10.019999999999875,-5.23490972792473e-13
900,217.0,0.037190000000009604,-3.3399999999999954,0.796460352183028
901,500.0,0.10417599999982485,-10.019999999999875,-2.306156482008437e-06
902,500.0,0.10124600000017381,-10.019999999999875,0.0
903,500.0,0.09283700000014505,-10.019999999999875,0.0
904,500.0,0.09425699999974313,-10.019999999999875,4.163336342344337e-17
905,495.0,0.10490800000025047,-8.899999999999878,0.398230176091514
906,500.0,0.09333700000024692,-10.019999999999875,0.0
907,422.0,0.08402699999987817,-7.439999999999909,0.19911508804575706
908,500.0,0.09381199999916134,-10.019999999999875,7.632783294297951e-17
909,500.0,0.08795999999983906,-10.019999999999875,1.3877787807814457e-17
910,500.0,0.09264399999938178,-10.019999999999875,-1.5716999711423707e-07
911,449.0,0.08105000000068685,-7.979999999999897,0.7989721420114819
912,500.0,0.09305899999981193,-10.019999999999875,0.0
913,500.0,0.08345499999995809,-10.019999999999875,-1.0444020648314734e-11
914,500.0,0.0740219999997862,-10.019999999999875,-7.313594174718219e-15
915,500.0,0.07413499999984197,-10.019999999999875,0.0
916,304.0,0.04138200000033976,-5.079999999999958,0.39948607100574096
917,500.0,0.08076699999946868,-10.019999999999875,-2.7755575615628914e-17
918,426.0,0.06149699999969016,-7.519999999999907,0.9613001420067555
919,173.0,0.02633499999956257,-2.4600000000000026,0.19974303550287043
920,500.0,0.06924999999955617,-10.019999999999875,-6.392109064279339e-14
921,500.0,0.06859800000074756,-10.019999999999875,-1.470050470242512e-11
922,345.0,0.05223599999953876,-5.899999999999941,0.5112695973455782
923,500.0,0.08511900000030437,-10.019999999999875,0.0
924,500.0,0.09128800000053161,-10.019999999999875,-1.2834055876959072e-05
925,500.0,0.08863800000017363,-10.019999999999875,2.0816681711721685e-17
926,500.0,0.07618899999943096,-10.019999999999875,2.2898349882893854e-16
927,500.0,0.10846399999991263,-10.019999999999875,2.498001805406602e-16
928,233.0,0.03592500000013388,-3.6599999999999886,0.25563479867278915
929,500.0,0.0995599999996557,-10.019999999999875,2.7755575615628914e-17
930,500.0,0.08399000000008527,-10.019999999999875,0.0
931,500.0,0.09575100000074599,-10.019999999999875,1.734723475976807e-16
932,297.0,0.06576299999960611,-4.939999999999961,0.12781739933639458
933,438.0,0.07325800000035088,-7.759999999999902,0.7950797208264444
934,500.0,0.08722600000055536,-10.019999999999875,1.6267176548151463e-07
935,500.0,0.10490699999991193,-10.019999999999875,0.0
936,500.0,0.06685100000049715,-10.019999999999875,0.0
937,500.0,0.09479800000008254,-10.019999999999875,0.0
938,500.0,0.07815099999970698,-10.019999999999875,9.120959818691154e-06
939,500.0,0.07053399999949761,-10.019999999999875,0.0
940,438.0,0.0745390000001862,-7.759999999999902,0.3975398604132221
941,500.0,0.09260999999969499,-10.019999999999875,1.3877787807814457e-17
942,500.0,0.09773399999994581,-10.019999999999875,0.0
943,500.0,0.09318099999927654,-10.019999999999875,1.0121830873455195e-09
944,500.0,0.08896999999979016,-10.019999999999875,6.983227070170295e-06
945,500.0,0.09916299999986222,-10.019999999999875,1.554173456597141e-13
946,500.0,0.09062600000015664,-10.019999999999875,7.770867282985705e-14
947,370.0,0.06159399999978632,-6.39999999999993,0.4091299440037559
948,500.0,0.09988799999973708,-10.019999999999875,6.938893903907228e-18
949,500.0,0.07578499999999622,-10.019999999999875,-5.495603971894525e-15
950,500.0,0.07167299999946408,-10.019999999999875,1.9359513991901167e-15
951,500.0,0.07023899999967398,-10.019999999999875,-1.3877787807814457e-17
952,500.0,0.06451199999992241,-10.019999999999875,0.0
953,500.0,0.07233099999939441,-10.019999999999875,-3.634592626866606e-13
954,500.0,0.07105199999932665,-10.019999999999875,6.798728247048302e-14
955,500.0,0.06553900000017165,-10.019999999999875,0.0
956,500.0,0.07252199999948061,-10.019999999999875,2.4980018054066022e-15
957,306.0,0.03987499999948341,-5.1199999999999575,0.7212270906885716
958,411.0,0.057458000000224274,-7.219999999999914,0.48065007100337787
959,242.0,0.036578000000190514,-3.8399999999999848,0.3606135453442858
960,500.0,0.07293600000048173,-10.019999999999875,0.0
961,500.0,0.07725400000072113,-10.019999999999875,0.0
962,500.0,0.09002000000054977,-10.019999999999875,-9.978129433818594e-15
963,364.0,0.0655189999997674,-6.279999999999933,0.7450932874833829
964,500.0,0.09588400000029651,-10.019999999999875,-3.7470027081099033e-16
965,500.0,0.0940229999996518,-10.019999999999875,0.0
966,500.0,0.09439800000018295,-10.019999999999875,1.3877787807814457e-17
967,378.0,0.06305199999951583,-6.559999999999927,0.6603969369560068
968,500.0,0.06684500000028493,-10.019999999999875,0.0
969,500.0,0.06742500000018481,-10.019999999999875,-4.271041853520785e-12
970,500.0,0.08996899999965535,-10.019999999999875,0.0
971,500.0,0.09296099999937724,-10.019999999999875,2.098419354945591e-11
972,356.0,0.06304000000000087,-6.119999999999936,0.24032503550168893
973,389.0,0.05350499999985914,-6.779999999999922,0.6488263975466291
974,434.0,0.05588799999986804,-7.679999999999904,0.7206498973644913
975,500.0,0.06656700000075944,-10.019999999999875,0.0
976,295.0,0.04371900000023743,-4.899999999999962,0.6195269824689544
977,500.0,0.08005600000069535,-10.019999999999875,3.469446951953614e-17
978,500.0,0.0773589999998876,-10.019999999999875,0.0
979,466.0,0.0926709999994273,-8.31999999999989,0.729336502170907
980,244.0,0.04481099999975413,-3.879999999999984,0.6293338324297892
981,500.0,0.1000530000001163,-10.019999999999875,0.0
982,288.0,0.052089999999225256,-4.759999999999965,0.813333337092072
983,334.0,0.05670000000009168,-5.6799999999999455,0.40666666854603606
984,500.0,0.09910500000023603,-10.019999999999875,-4.5102810375396984e-14
985,500.0,0.08994700000039302,-10.019999999999875,0.0
986,500.0,0.08667400000013004,-10.019999999999875,2.763483886170093e-13
987,455.0,0.08306900000025053,-8.099999999999895,0.725537535249003
988,500.0,0.0838659999999436,-10.019999999999875,0.0
989,369.0,0.05188999999973021,-6.379999999999931,0.5321290720671737
990,500.0,0.08666799999991781,-10.019999999999875,0.0
991,500.0,0.07967400000052294,-10.019999999999875,0.0
992,441.0,0.06212199999936274,-7.819999999999901,0.7747130582087435
993,348.0,0.04767400000037014,-5.95999999999994,0.3873565291043718
994,500.0,0.07588500000019849,-10.019999999999875,4.163336342344337e-17
995,500.0,0.0797419999998965,-10.019999999999875,0.0
996,500.0,0.0983249999999316,-10.019999999999875,-5.110883071618444e-07
997,500.0,0.10139799999979004,-10.019999999999875,-3.2959746043559335e-15
998,500.0,0.09172200000011799,-10.019999999999875,0.0
999,500.0,0.0967160000000149,-10.019999999999875,0.0
1000,0.0,0.0,0.0,0.0
1001,0.0,0.0,0.0,0.0
1002,0.0,0.0,0.0,0.0
1003,0.0,0.0,0.0,0.0
1004,0.0,0.0,0.0,0.0
1005,0.0,0.0,0.0,0.0
1006,0.0,0.0,0.0,0.0
1007,0.0,0.0,0.0,0.0
1008,0.0,0.0,0.0,0.0
1009,0.0,0.0,0.0,0.0
1010,0.0,0.0,0.0,0.0
1011,0.0,0.0,0.0,0.0
1012,0.0,0.0,0.0,0.0
1013,0.0,0.0,0.0,0.0
1014,0.0,0.0,0.0,0.0
1015,0.0,0.0,0.0,0.0
1016,0.0,0.0,0.0,0.0
1017,0.0,0.0,0.0,0.0
1018,0.0,0.0,0.0,0.0
1019,0.0,0.0,0.0,0.0
1020,0.0,0.0,0.0,0.0
1021,0.0,0.0,0.0,0.0
1022,0.0,0.0,0.0,0.0
1023,0.0,0.0,0.0,0.0
1024,0.0,0.0,0.0,0.0
1025,0.0,0.0,0.0,0.0
1026,0.0,0.0,0.0,0.0
1027,0.0,0.0,0.0,0.0
1028,0.0,0.0,0.0,0.0
1029,0.0,0.0,0.0,0.0
1030,0.0,0.0,0.0,0.0
1031,0.0,0.0,0.0,0.0
1032,0.0,0.0,0.0,0.0
1033,0.0,0.0,0.0,0.0
1034,0.0,0.0,0.0,0.0
1035,0.0,0.0,0.0,0.0
1036,0.0,0.0,0.0,0.0
1037,0.0,0.0,0.0,0.0
1038,0.0,0.0,0.0,0.0
1039,0.0,0.0,0.0,0.0
1040,0.0,0.0,0.0,0.0
1041,0.0,0.0,0.0,0.0
1042,0.0,0.0,0.0,0.0
1043,0.0,0.0,0.0,0.0
1044,0.0,0.0,0.0,0.0
1045,0.0,0.0,0.0,0.0
1046,0.0,0.0,0.0,0.0
1047,0.0,0.0,0.0,0.0
1048,0.0,0.0,0.0,0.0
1049,0.0,0.0,0.0,0.0
1050,0.0,0.0,0.0,0.0
1051,0.0,0.0,0.0,0.0
1052,0.0,0.0,0.0,0.0
1053,0.0,0.0,0.0,0.0
1054,0.0,0.0,0.0,0.0
1055,0.0,0.0,0.0,0.0
1056,0.0,0.0,0.0,0.0
1057,0.0,0.0,0.0,0.0
1058,0.0,0.0,0.0,0.0
1059,0.0,0.0,0.0,0.0
1060,0.0,0.0,0.0,0.0
1061,0.0,0.0,0.0,0.0
1062,0.0,0.0,0.0,0.0
1063,0.0,0.0,0.0,0.0
1064,0.0,0.0,0.0,0.0
1065,0.0,0.0,0.0,0.0
1066,0.0,0.0,0.0,0.0
1067,0.0,0.0,0.0,0.0
1068,0.0,0.0,0.0,0.0
1069,0.0,0.0,0.0,0.0
1070,0.0,0.0,0.0,0.0
1071,0.0,0.0,0.0,0.0
1072,0.0,0.0,0.0,0.0
1073,0.0,0.0,0.0,0.0
1074,0.0,0.0,0.0,0.0
1075,0.0,0.0,0.0,0.0
1076,0.0,0.0,0.0,0.0
1077,0.0,0.0,0.0,0.0
1078,0.0,0.0,0.0,0.0
1079,0.0,0.0,0.0,0.0
1080,0.0,0.0,0.0,0.0
1081,0.0,0.0,0.0,0.0
1082,0.0,0.0,0.0,0.0
1083,0.0,0.0,0.0,0.0
1084,0.0,0.0,0.0,0.0
1085,0.0,0.0,0.0,0.0
1086,0.0,0.0,0.0,0.0
1087,0.0,0.0,0.0,0.0
1088,0.0,0.0,0.0,0.0
1089,0.0,0.0,0.0,0.0
1090,0.0,0.0,0.0,0.0
1091,0.0,0.0,0.0,0.0
1092,0.0,0.0,0.0,0.0
1093,0.0,0.0,0.0,0.0
1094,0.0,0.0,0.0,0.0
1095,0.0,0.0,0.0,0.0
1096,0.0,0.0,0.0,0.0
1097,0.0,0.0,0.0,0.0
1098,0.0,0.0,0.0,0.0
1099,0.0,0.0,0.0,0.0
1100,0.0,0.0,0.0,0.0
1101,0.0,0.0,0.0,0.0
1102,0.0,0.0,0.0,0.0
1103,0.0,0.0,0.0,0.0
1104,0.0,0.0,0.0,0.0
1105,0.0,0.0,0.0,0.0
1106,0.0,0.0,0.0,0.0
1107,0.0,0.0,0.0,0.0
1108,0.0,0.0,0.0,0.0
1109,0.0,0.0,0.0,0.0
1110,0.0,0.0,0.0,0.0
1111,0.0,0.0,0.0,0.0
1112,0.0,0.0,0.0,0.0
1113,0.0,0.0,0.0,0.0
1114,0.0,0.0,0.0,0.0
1115,0.0,0.0,0.0,0.0
1116,0.0,0.0,0.0,0.0
1117,0.0,0.0,0.0,0.0
1118,0.0,0.0,0.0,0.0
1119,0.0,0.0,0.0,0.0
1120,0.0,0.0,0.0,0.0
1121,0.0,0.0,0.0,0.0
1122,0.0,0.0,0.0,0.0
1123,0.0,0.0,0.0,0.0
1124,0.0,0.0,0.0,0.0
1125,0.0,0.0,0.0,0.0
1126,0.0,0.0,0.0,0.0
1127,0.0,0.0,0.0,0.0
1128,0.0,0.0,0.0,0.0
1129,0.0,0.0,0.0,0.0
1130,0.0,0.0,0.0,0.0
1131,0.0,0.0,0.0,0.0
1132,0.0,0.0,0.0,0.0
1133,0.0,0.0,0.0,0.0
1134,0.0,0.0,0.0,0.0
1135,0.0,0.0,0.0,0.0
1136,0.0,0.0,0.0,0.0
1137,0.0,0.0,0.0,0.0
1138,0.0,0.0,0.0,0.0
1139,0.0,0.0,0.0,0.0
1140,0.0,0.0,0.0,0.0
1141,0.0,0.0,0.0,0.0
1142,0.0,0.0,0.0,0.0
1143,0.0,0.0,0.0,0.0
1144,0.0,0.0,0.0,0.0
1145,0.0,0.0,0.0,0.0
1146,0.0,0.0,0.0,0.0
1147,0.0,0.0,0.0,0.0
1148,0.0,0.0,0.0,0.0
1149,0.0,0.0,0.0,0.0
1150,0.0,0.0,0.0,0.0
1151,0.0,0.0,0.0,0.0
1152,0.0,0.0,0.0,0.0
1153,0.0,0.0,0.0,0.0
1154,0.0,0.0,0.0,0.0
1155,0.0,0.0,0.0,0.0
1156,0.0,0.0,0.0,0.0
1157,0.0,0.0,0.0,0.0
1158,0.0,0.0,0.0,0.0
1159,0.0,0.0,0.0,0.0
1160,0.0,0.0,0.0,0.0
1161,0.0,0.0,0.0,0.0
1162,0.0,0.0,0.0,0.0
1163,0.0,0.0,0.0,0.0
1164,0.0,0.0,0.0,0.0
1165,0.0,0.0,0.0,0.0
1166,0.0,0.0,0.0,0.0
1167,0.0,0.0,0.0,0.0
1168,0.0,0.0,0.0,0.0
1169,0.0,0.0,0.0,0.0
1170,0.0,0.0,0.0,0.0
1171,0.0,0.0,0.0,0.0
1172,0.0,0.0,0.0,0.0
1173,0.0,0.0,0.0,0.0
1174,0.0,0.0,0.0,0.0
1175,0.0,0.0,0.0,0.0
1176,0.0,0.0,0.0,0.0
1177,0.0,0.0,0.0,0.0
1178,0.0,0.0,0.0,0.0
1179,0.0,0.0,0.0,0.0
1180,0.0,0.0,0.0,0.0
1181,0.0,0.0,0.0,0.0
1182,0.0,0.0,0.0,0.0
1183,0.0,0.0,0.0,0.0
1184,0.0,0.0,0.0,0.0
1185,0.0,0.0,0.0,0.0
1186,0.0,0.0,0.0,0.0
1187,0.0,0.0,0.0,0.0
1188,0.0,0.0,0.0,0.0
1189,0.0,0.0,0.0,0.0
1190,0.0,0.0,0.0,0.0
1191,0.0,0.0,0.0,0.0
1192,0.0,0.0,0.0,0.0
1193,0.0,0.0,0.0,0.0
1194,0.0,0.0,0.0,0.0
1195,0.0,0.0,0.0,0.0
1196,0.0,0.0,0.0,0.0
1197,0.0,0.0,0.0,0.0
1198,0.0,0.0,0.0,0.0
1199,0.0,0.0,0.0,0.0
1200,0.0,0.0,0.0,0.0
1201,0.0,0.0,0.0,0.0
1202,0.0,0.0,0.0,0.0
1203,0.0,0.0,0.0,0.0
1204,0.0,0.0,0.0,0.0
1205,0.0,0.0,0.0,0.0
1206,0.0,0.0,0.0,0.0
1207,0.0,0.0,0.0,0.0
1208,0.0,0.0,0.0,0.0
1209,0.0,0.0,0.0,0.0
1210,0.0,0.0,0.0,0.0
1211,0.0,0.0,0.0,0.0
1212,0.0,0.0,0.0,0.0
1213,0.0,0.0,0.0,0.0
1214,0.0,0.0,0.0,0.0
1215,0.0,0.0,0.0,0.0
1216,0.0,0.0,0.0,0.0
1217,0.0,0.0,0.0,0.0
1218,0.0,0.0,0.0,0.0
1219,0.0,0.0,0.0,0.0
1220,0.0,0.0,0.0,0.0
1221,0.0,0.0,0.0,0.0
1222,0.0,0.0,0.0,0.0
1223,0.0,0.0,0.0,0.0
1224,0.0,0.0,0.0,0.0
1225,0.0,0.0,0.0,0.0
1226,0.0,0.0,0.0,0.0
1227,0.0,0.0,0.0,0.0
1228,0.0,0.0,0.0,0.0
1229,0.0,0.0,0.0,0.0
1230,0.0,0.0,0.0,0.0
1231,0.0,0.0,0.0,0.0
1232,0.0,0.0,0.0,0.0
1233,0.0,0.0,0.0,0.0
1234,0.0,0.0,0.0,0.0
1235,0.0,0.0,0.0,0.0
1236,0.0,0.0,0.0,0.0
1237,0.0,0.0,0.0,0.0
1238,0.0,0.0,0.0,0.0
1239,0.0,0.0,0.0,0.0
1240,0.0,0.0,0.0,0.0
1241,0.0,0.0,0.0,0.0
1242,0.0,0.0,0.0,0.0
1243,0.0,0.0,0.0,0.0
1244,0.0,0.0,0.0,0.0
1245,0.0,0.0,0.0,0.0
1246,0.0,0.0,0.0,0.0
1247,0.0,0.0,0.0,0.0
1248,0.0,0.0,0.0,0.0
1249,0.0,0.0,0.0,0.0
1250,0.0,0.0,0.0,0.0
1251,0.0,0.0,0.0,0.0
1252,0.0,0.0,0.0,0.0
1253,0.0,0.0,0.0,0.0
1254,0.0,0.0,0.0,0.0
1255,0.0,0.0,0.0,0.0
1256,0.0,0.0,0.0,0.0
1257,0.0,0.0,0.0,0.0
1258,0.0,0.0,0.0,0.0
1259,0.0,0.0,0.0,0.0
1260,0.0,0.0,0.0,0.0
1261,0.0,0.0,0.0,0.0
1262,0.0,0.0,0.0,0.0
1263,0.0,0.0,0.0,0.0
1264,0.0,0.0,0.0,0.0
1265,0.0,0.0,0.0,0.0
1266,0.0,0.0,0.0,0.0
1267,0.0,0.0,0.0,0.0
1268,0.0,0.0,0.0,0.0
1269,0.0,0.0,0.0,0.0
1270,0.0,0.0,0.0,0.0
1271,0.0,0.0,0.0,0.0
1272,0.0,0.0,0.0,0.0
1273,0.0,0.0,0.0,0.0
1274,0.0,0.0,0.0,0.0
1275,0.0,0.0,0.0,0.0
1276,0.0,0.0,0.0,0.0
1277,0.0,0.0,0.0,0.0
1278,0.0,0.0,0.0,0.0
1279,0.0,0.0,0.0,0.0
1280,0.0,0.0,0.0,0.0
1281,0.0,0.0,0.0,0.0
1282,0.0,0.0,0.0,0.0
1283,0.0,0.0,0.0,0.0
1284,0.0,0.0,0.0,0.0
1285,0.0,0.0,0.0,0.0
1286,0.0,0.0,0.0,0.0
1287,0.0,0.0,0.0,0.0
1288,0.0,0.0,0.0,0.0
1289,0.0,0.0,0.0,0.0
1290,0.0,0.0,0.0,0.0
1291,0.0,0.0,0.0,0.0
1292,0.0,0.0,0.0,0.0
1293,0.0,0.0,0.0,0.0
1294,0.0,0.0,0.0,0.0
1295,0.0,0.0,0.0,0.0
1296,0.0,0.0,0.0,0.0
1297,0.0,0.0,0.0,0.0
1298,0.0,0.0,0.0,0.0
1299,0.0,0.0,0.0,0.0
1300,0.0,0.0,0.0,0.0
1301,0.0,0.0,0.0,0.0
1302,0.0,0.0,0.0,0.0
1303,0.0,0.0,0.0,0.0
1304,0.0,0.0,0.0,0.0
1305,0.0,0.0,0.0,0.0
1306,0.0,0.0,0.0,0.0
1307,0.0,0.0,0.0,0.0
1308,0.0,0.0,0.0,0.0
1309,0.0,0.0,0.0,0.0
1310,0.0,0.0,0.0,0.0
1311,0.0,0.0,0.0,0.0
1312,0.0,0.0,0.0,0.0
1313,0.0,0.0,0.0,0.0
1314,0.0,0.0,0.0,0.0
1315,0.0,0.0,0.0,0.0
1316,0.0,0.0,0.0,0.0
1317,0.0,0.0,0.0,0.0
1318,0.0,0.0,0.0,0.0
1319,0.0,0.0,0.0,0.0
1320,0.0,0.0,0.0,0.0
1321,0.0,0.0,0.0,0.0
1322,0.0,0.0,0.0,0.0
1323,0.0,0.0,0.0,0.0
1324,0.0,0.0,0.0,0.0
1325,0.0,0.0,0.0,0.0
1326,0.0,0.0,0.0,0.0
1327,0.0,0.0,0.0,0.0
1328,0.0,0.0,0.0,0.0
1329,0.0,0.0,0.0,0.0
1330,0.0,0.0,0.0,0.0
1331,0.0,0.0,0.0,0.0
1332,0.0,0.0,0.0,0.0
1333,0.0,0.0,0.0,0.0
1334,0.0,0.0,0.0,0.0
1335,0.0,0.0,0.0,0.0
1336,0.0,0.0,0.0,0.0
1337,0.0,0.0,0.0,0.0
1338,0.0,0.0,0.0,0.0
1339,0.0,0.0,0.0,0.0
1340,0.0,0.0,0.0,0.0
1341,0.0,0.0,0.0,0.0
1342,0.0,0.0,0.0,0.0
1343,0.0,0.0,0.0,0.0
1344,0.0,0.0,0.0,0.0
1345,0.0,0.0,0.0,0.0
1346,0.0,0.0,0.0,0.0
1347,0.0,0.0,0.0,0.0
1348,0.0,0.0,0.0,0.0
1349,0.0,0.0,0.0,0.0
1350,0.0,0.0,0.0,0.0
1351,0.0,0.0,0.0,0.0
1352,0.0,0.0,0.0,0.0
1353,0.0,0.0,0.0,0.0
1354,0.0,0.0,0.0,0.0
1355,0.0,0.0,0.0,0.0
1356,0.0,0.0,0.0,0.0
1357,0.0,0.0,0.0,0.0
1358,0.0,0.0,0.0,0.0
1359,0.0,0.0,0.0,0.0
1360,0.0,0.0,0.0,0.0
1361,0.0,0.0,0.0,0.0
1362,0.0,0.0,0.0,0.0
1363,0.0,0.0,0.0,0.0
1364,0.0,0.0,0.0,0.0
1365,0.0,0.0,0.0,0.0
1366,0.0,0.0,0.0,0.0
1367,0.0,0.0,0.0,0.0
1368,0.0,0.0,0.0,0.0
1369,0.0,0.0,0.0,0.0
1370,0.0,0.0,0.0,0.0
1371,0.0,0.0,0.0,0.0
1372,0.0,0.0,0.0,0.0
1373,0.0,0.0,0.0,0.0
1374,0.0,0.0,0.0,0.0
1375,0.0,0.0,0.0,0.0
1376,0.0,0.0,0.0,0.0
1377,0.0,0.0,0.0,0.0
1378,0.0,0.0,0.0,0.0
1379,0.0,0.0,0.0,0.0
1380,0.0,0.0,0.0,0.0
1381,0.0,0.0,0.0,0.0
1382,0.0,0.0,0.0,0.0
1383,0.0,0.0,0.0,0.0
1384,0.0,0.0,0.0,0.0
1385,0.0,0.0,0.0,0.0
1386,0.0,0.0,0.0,0.0
1387,0.0,0.0,0.0,0.0
1388,0.0,0.0,0.0,0.0
1389,0.0,0.0,0.0,0.0
1390,0.0,0.0,0.0,0.0
1391,0.0,0.0,0.0,0.0
1392,0.0,0.0,0.0,0.0
1393,0.0,0.0,0.0,0.0
1394,0.0,0.0,0.0,0.0
1395,0.0,0.0,0.0,0.0
1396,0.0,0.0,0.0,0.0
1397,0.0,0.0,0.0,0.0
1398,0.0,0.0,0.0,0.0
1399,0.0,0.0,0.0,0.0
1400,0.0,0.0,0.0,0.0
1401,0.0,0.0,0.0,0.0
1402,0.0,0.0,0.0,0.0
1403,0.0,0.0,0.0,0.0
1404,0.0,0.0,0.0,0.0
1405,0.0,0.0,0.0,0.0
1406,0.0,0.0,0.0,0.0
1407,0.0,0.0,0.0,0.0
1408,0.0,0.0,0.0,0.0
1409,0.0,0.0,0.0,0.0
1410,0.0,0.0,0.0,0.0
1411,0.0,0.0,0.0,0.0
1412,0.0,0.0,0.0,0.0
1413,0.0,0.0,0.0,0.0
1414,0.0,0.0,0.0,0.0
1415,0.0,0.0,0.0,0.0
1416,0.0,0.0,0.0,0.0
1417,0.0,0.0,0.0,0.0
1418,0.0,0.0,0.0,0.0
1419,0.0,0.0,0.0,0.0
1420,0.0,0.0,0.0,0.0
1421,0.0,0.0,0.0,0.0
1422,0.0,0.0,0.0,0.0
1423,0.0,0.0,0.0,0.0
1424,0.0,0.0,0.0,0.0
1425,0.0,0.0,0.0,0.0
1426,0.0,0.0,0.0,0.0
1427,0.0,0.0,0.0,0.0
1428,0.0,0.0,0.0,0.0
1429,0.0,0.0,0.0,0.0
1430,0.0,0.0,0.0,0.0
1431,0.0,0.0,0.0,0.0
1432,0.0,0.0,0.0,0.0
1433,0.0,0.0,0.0,0.0
1434,0.0,0.0,0.0,0.0
1435,0.0,0.0,0.0,0.0
1436,0.0,0.0,0.0,0.0
1437,0.0,0.0,0.0,0.0
1438,0.0,0.0,0.0,0.0
1439,0.0,0.0,0.0,0.0
1440,0.0,0.0,0.0,0.0
1441,0.0,0.0,0.0,0.0
1442,0.0,0.0,0.0,0.0
1443,0.0,0.0,0.0,0.0
1444,0.0,0.0,0.0,0.0
1445,0.0,0.0,0.0,0.0
1446,0.0,0.0,0.0,0.0
1447,0.0,0.0,0.0,0.0
1448,0.0,0.0,0.0,0.0
1449,0.0,0.0,0.0,0.0
1450,0.0,0.0,0.0,0.0
1451,0.0,0.0,0.0,0.0
1452,0.0,0.0,0.0,0.0
1453,0.0,0.0,0.0,0.0
1454,0.0,0.0,0.0,0.0
1455,0.0,0.0,0.0,0.0
1456,0.0,0.0,0.0,0.0
1457,0.0,0.0,0.0,0.0
1458,0.0,0.0,0.0,0.0
1459,0.0,0.0,0.0,0.0
1460,0.0,0.0,0.0,0.0
1461,0.0,0.0,0.0,0.0
1462,0.0,0.0,0.0,0.0
1463,0.0,0.0,0.0,0.0
1464,0.0,0.0,0.0,0.0
1465,0.0,0.0,0.0,0.0
1466,0.0,0.0,0.0,0.0
1467,0.0,0.0,0.0,0.0
1468,0.0,0.0,0.0,0.0
1469,0.0,0.0,0.0,0.0
1470,0.0,0.0,0.0,0.0
1471,0.0,0.0,0.0,0.0
1472,0.0,0.0,0.0,0.0
1473,0.0,0.0,0.0,0.0
1474,0.0,0.0,0.0,0.0
1475,0.0,0.0,0.0,0.0
1476,0.0,0.0,0.0,0.0
1477,0.0,0.0,0.0,0.0
1478,0.0,0.0,0.0,0.0
1479,0.0,0.0,0.0,0.0
1480,0.0,0.0,0.0,0.0
1481,0.0,0.0,0.0,0.0
1482,0.0,0.0,0.0,0.0
1483,0.0,0.0,0.0,0.0
1484,0.0,0.0,0.0,0.0
1485,0.0,0.0,0.0,0.0
1486,0.0,0.0,0.0,0.0
1487,0.0,0.0,0.0,0.0
1488,0.0,0.0,0.0,0.0
1489,0.0,0.0,0.0,0.0
1490,0.0,0.0,0.0,0.0
1491,0.0,0.0,0.0,0.0
1492,0.0,0.0,0.0,0.0
1493,0.0,0.0,0.0,0.0
1494,0.0,0.0,0.0,0.0
1495,0.0,0.0,0.0,0.0
1496,0.0,0.0,0.0,0.0
1497,0.0,0.0,0.0,0.0
1498,0.0,0.0,0.0,0.0
1499,0.0,0.0,0.0,0.0
1500,0.0,0.0,0.0,0.0
1501,0.0,0.0,0.0,0.0
1502,0.0,0.0,0.0,0.0
1503,0.0,0.0,0.0,0.0
1504,0.0,0.0,0.0,0.0
1505,0.0,0.0,0.0,0.0
1506,0.0,0.0,0.0,0.0
1507,0.0,0.0,0.0,0.0
1508,0.0,0.0,0.0,0.0
1509,0.0,0.0,0.0,0.0
1510,0.0,0.0,0.0,0.0
1511,0.0,0.0,0.0,0.0
1512,0.0,0.0,0.0,0.0
1513,0.0,0.0,0.0,0.0
1514,0.0,0.0,0.0,0.0
1515,0.0,0.0,0.0,0.0
1516,0.0,0.0,0.0,0.0
1517,0.0,0.0,0.0,0.0
1518,0.0,0.0,0.0,0.0
1519,0.0,0.0,0.0,0.0
1520,0.0,0.0,0.0,0.0
1521,0.0,0.0,0.0,0.0
1522,0.0,0.0,0.0,0.0
1523,0.0,0.0,0.0,0.0
1524,0.0,0.0,0.0,0.0
1525,0.0,0.0,0.0,0.0
1526,0.0,0.0,0.0,0.0
1527,0.0,0.0,0.0,0.0
1528,0.0,0.0,0.0,0.0
1529,0.0,0.0,0.0,0.0
1530,0.0,0.0,0.0,0.0
1531,0.0,0.0,0.0,0.0
1532,0.0,0.0,0.0,0.0
1533,0.0,0.0,0.0,0.0
1534,0.0,0.0,0.0,0.0
1535,0.0,0.0,0.0,0.0
1536,0.0,0.0,0.0,0.0
1537,0.0,0.0,0.0,0.0
1538,0.0,0.0,0.0,0.0
1539,0.0,0.0,0.0,0.0
1540,0.0,0.0,0.0,0.0
1541,0.0,0.0,0.0,0.0
1542,0.0,0.0,0.0,0.0
1543,0.0,0.0,0.0,0.0
1544,0.0,0.0,0.0,0.0
1545,0.0,0.0,0.0,0.0
1546,0.0,0.0,0.0,0.0
1547,0.0,0.0,0.0,0.0
1548,0.0,0.0,0.0,0.0
1549,0.0,0.0,0.0,0.0
1550,0.0,0.0,0.0,0.0
1551,0.0,0.0,0.0,0.0
1552,0.0,0.0,0.0,0.0
1553,0.0,0.0,0.0,0.0
1554,0.0,0.0,0.0,0.0
1555,0.0,0.0,0.0,0.0
1556,0.0,0.0,0.0,0.0
1557,0.0,0.0,0.0,0.0
1558,0.0,0.0,0.0,0.0
1559,0.0,0.0,0.0,0.0
1560,0.0,0.0,0.0,0.0
1561,0.0,0.0,0.0,0.0
1562,0.0,0.0,0.0,0.0
1563,0.0,0.0,0.0,0.0
1564,0.0,0.0,0.0,0.0
1565,0.0,0.0,0.0,0.0
1566,0.0,0.0,0.0,0.0
1567,0.0,0.0,0.0,0.0
1568,0.0,0.0,0.0,0.0
1569,0.0,0.0,0.0,0.0
1570,0.0,0.0,0.0,0.0
1571,0.0,0.0,0.0,0.0
1572,0.0,0.0,0.0,0.0
1573,0.0,0.0,0.0,0.0
1574,0.0,0.0,0.0,0.0
1575,0.0,0.0,0.0,0.0
1576,0.0,0.0,0.0,0.0
1577,0.0,0.0,0.0,0.0
1578,0.0,0.0,0.0,0.0
1579,0.0,0.0,0.0,0.0
1580,0.0,0.0,0.0,0.0
1581,0.0,0.0,0.0,0.0
1582,0.0,0.0,0.0,0.0
1583,0.0,0.0,0.0,0.0
1584,0.0,0.0,0.0,0.0
1585,0.0,0.0,0.0,0.0
1586,0.0,0.0,0.0,0.0
1587,0.0,0.0,0.0,0.0
1588,0.0,0.0,0.0,0.0
1589,0.0,0.0,0.0,0.0
1590,0.0,0.0,0.0,0.0
1591,0.0,0.0,0.0,0.0
1592,0.0,0.0,0.0,0.0
1593,0.0,0.0,0.0,0.0
1594,0.0,0.0,0.0,0.0
1595,0.0,0.0,0.0,0.0
1596,0.0,0.0,0.0,0.0
1597,0.0,0.0,0.0,0.0
1598,0.0,0.0,0.0,0.0
1599,0.0,0.0,0.0,0.0
1600,0.0,0.0,0.0,0.0
1601,0.0,0.0,0.0,0.0
1602,0.0,0.0,0.0,0.0
1603,0.0,0.0,0.0,0.0
1604,0.0,0.0,0.0,0.0
1605,0.0,0.0,0.0,0.0
1606,0.0,0.0,0.0,0.0
1607,0.0,0.0,0.0,0.0
1608,0.0,0.0,0.0,0.0
1609,0.0,0.0,0.0,0.0
1610,0.0,0.0,0.0,0.0
1611,0.0,0.0,0.0,0.0
1612,0.0,0.0,0.0,0.0
1613,0.0,0.0,0.0,0.0
1614,0.0,0.0,0.0,0.0
1615,0.0,0.0,0.0,0.0
1616,0.0,0.0,0.0,0.0
1617,0.0,0.0,0.0,0.0
1618,0.0,0.0,0.0,0.0
1619,0.0,0.0,0.0,0.0
1620,0.0,0.0,0.0,0.0
1621,0.0,0.0,0.0,0.0
1622,0.0,0.0,0.0,0.0
1623,0.0,0.0,0.0,0.0
1624,0.0,0.0,0.0,0.0
1625,0.0,0.0,0.0,0.0
1626,0.0,0.0,0.0,0.0
1627,0.0,0.0,0.0,0.0
1628,0.0,0.0,0.0,0.0
1629,0.0,0.0,0.0,0.0
1630,0.0,0.0,0.0,0.0
1631,0.0,0.0,0.0,0.0
1632,0.0,0.0,0.0,0.0
1633,0.0,0.0,0.0,0.0
1634,0.0,0.0,0.0,0.0
1635,0.0,0.0,0.0,0.0
1636,0.0,0.0,0.0,0.0
1637,0.0,0.0,0.0,0.0
1638,0.0,0.0,0.0,0.0
1639,0.0,0.0,0.0,0.0
1640,0.0,0.0,0.0,0.0
1641,0.0,0.0,0.0,0.0
1642,0.0,0.0,0.0,0.0
1643,0.0,0.0,0.0,0.0
1644,0.0,0.0,0.0,0.0
1645,0.0,0.0,0.0,0.0
1646,0.0,0.0,0.0,0.0
1647,0.0,0.0,0.0,0.0
1648,0.0,0.0,0.0,0.0
1649,0.0,0.0,0.0,0.0
1650,0.0,0.0,0.0,0.0
1651,0.0,0.0,0.0,0.0
1652,0.0,0.0,0.0,0.0
1653,0.0,0.0,0.0,0.0
1654,0.0,0.0,0.0,0.0
1655,0.0,0.0,0.0,0.0
1656,0.0,0.0,0.0,0.0
1657,0.0,0.0,0.0,0.0
1658,0.0,0.0,0.0,0.0
1659,0.0,0.0,0.0,0.0
1660,0.0,0.0,0.0,0.0
1661,0.0,0.0,0.0,0.0
1662,0.0,0.0,0.0,0.0
1663,0.0,0.0,0.0,0.0
1664,0.0,0.0,0.0,0.0
1665,0.0,0.0,0.0,0.0
1666,0.0,0.0,0.0,0.0
1667,0.0,0.0,0.0,0.0
1668,0.0,0.0,0.0,0.0
1669,0.0,0.0,0.0,0.0
1670,0.0,0.0,0.0,0.0
1671,0.0,0.0,0.0,0.0
1672,0.0,0.0,0.0,0.0
1673,0.0,0.0,0.0,0.0
1674,0.0,0.0,0.0,0.0
1675,0.0,0.0,0.0,0.0
1676,0.0,0.0,0.0,0.0
1677,0.0,0.0,0.0,0.0
1678,0.0,0.0,0.0,0.0
1679,0.0,0.0,0.0,0.0
1680,0.0,0.0,0.0,0.0
1681,0.0,0.0,0.0,0.0
1682,0.0,0.0,0.0,0.0
1683,0.0,0.0,0.0,0.0
1684,0.0,0.0,0.0,0.0
1685,0.0,0.0,0.0,0.0
1686,0.0,0.0,0.0,0.0
1687,0.0,0.0,0.0,0.0
1688,0.0,0.0,0.0,0.0
1689,0.0,0.0,0.0,0.0
1690,0.0,0.0,0.0,0.0
1691,0.0,0.0,0.0,0.0
1692,0.0,0.0,0.0,0.0
1693,0.0,0.0,0.0,0.0
1694,0.0,0.0,0.0,0.0
1695,0.0,0.0,0.0,0.0
1696,0.0,0.0,0.0,0.0
1697,0.0,0.0,0.0,0.0
1698,0.0,0.0,0.0,0.0
1699,0.0,0.0,0.0,0.0
1700,0.0,0.0,0.0,0.0
1701,0.0,0.0,0.0,0.0
1702,0.0,0.0,0.0,0.0
1703,0.0,0.0,0.0,0.0
1704,0.0,0.0,0.0,0.0
1705,0.0,0.0,0.0,0.0
1706,0.0,0.0,0.0,0.0
1707,0.0,0.0,0.0,0.0
1708,0.0,0.0,0.0,0.0
1709,0.0,0.0,0.0,0.0
1710,0.0,0.0,0.0,0.0
1711,0.0,0.0,0.0,0.0
1712,0.0,0.0,0.0,0.0
1713,0.0,0.0,0.0,0.0
1714,0.0,0.0,0.0,0.0
1715,0.0,0.0,0.0,0.0
1716,0.0,0.0,0.0,0.0
1717,0.0,0.0,0.0,0.0
1718,0.0,0.0,0.0,0.0
1719,0.0,0.0,0.0,0.0
1720,0.0,0.0,0.0,0.0
1721,0.0,0.0,0.0,0.0
1722,0.0,0.0,0.0,0.0
1723,0.0,0.0,0.0,0.0
1724,0.0,0.0,0.0,0.0
1725,0.0,0.0,0.0,0.0
1726,0.0,0.0,0.0,0.0
1727,0.0,0.0,0.0,0.0
1728,0.0,0.0,0.0,0.0
1729,0.0,0.0,0.0,0.0
1730,0.0,0.0,0.0,0.0
1731,0.0,0.0,0.0,0.0
1732,0.0,0.0,0.0,0.0
1733,0.0,0.0,0.0,0.0
1734,0.0,0.0,0.0,0.0
1735,0.0,0.0,0.0,0.0
1736,0.0,0.0,0.0,0.0
1737,0.0,0.0,0.0,0.0
1738,0.0,0.0,0.0,0.0
1739,0.0,0.0,0.0,0.0
1740,0.0,0.0,0.0,0.0
1741,0.0,0.0,0.0,0.0
1742,0.0,0.0,0.0,0.0
1743,0.0,0.0,0.0,0.0
1744,0.0,0.0,0.0,0.0
1745,0.0,0.0,0.0,0.0
1746,0.0,0.0,0.0,0.0
1747,0.0,0.0,0.0,0.0
1748,0.0,0.0,0.0,0.0
1749,0.0,0.0,0.0,0.0
1750,0.0,0.0,0.0,0.0
1751,0.0,0.0,0.0,0.0
1752,0.0,0.0,0.0,0.0
1753,0.0,0.0,0.0,0.0
1754,0.0,0.0,0.0,0.0
1755,0.0,0.0,0.0,0.0
1756,0.0,0.0,0.0,0.0
1757,0.0,0.0,0.0,0.0
1758,0.0,0.0,0.0,0.0
1759,0.0,0.0,0.0,0.0
1760,0.0,0.0,0.0,0.0
1761,0.0,0.0,0.0,0.0
1762,0.0,0.0,0.0,0.0
1763,0.0,0.0,0.0,0.0
1764,0.0,0.0,0.0,0.0
1765,0.0,0.0,0.0,0.0
1766,0.0,0.0,0.0,0.0
1767,0.0,0.0,0.0,0.0
1768,0.0,0.0,0.0,0.0
1769,0.0,0.0,0.0,0.0
1770,0.0,0.0,0.0,0.0
1771,0.0,0.0,0.0,0.0
1772,0.0,0.0,0.0,0.0
1773,0.0,0.0,0.0,0.0
1774,0.0,0.0,0.0,0.0
1775,0.0,0.0,0.0,0.0
1776,0.0,0.0,0.0,0.0
1777,0.0,0.0,0.0,0.0
1778,0.0,0.0,0.0,0.0
1779,0.0,0.0,0.0,0.0
1780,0.0,0.0,0.0,0.0
1781,0.0,0.0,0.0,0.0
1782,0.0,0.0,0.0,0.0
1783,0.0,0.0,0.0,0.0
1784,0.0,0.0,0.0,0.0
1785,0.0,0.0,0.0,0.0
1786,0.0,0.0,0.0,0.0
1787,0.0,0.0,0.0,0.0
1788,0.0,0.0,0.0,0.0
1789,0.0,0.0,0.0,0.0
1790,0.0,0.0,0.0,0.0
1791,0.0,0.0,0.0,0.0
1792,0.0,0.0,0.0,0.0
1793,0.0,0.0,0.0,0.0
1794,0.0,0.0,0.0,0.0
1795,0.0,0.0,0.0,0.0
1796,0.0,0.0,0.0,0.0
1797,0.0,0.0,0.0,0.0
1798,0.0,0.0,0.0,0.0
1799,0.0,0.0,0.0,0.0
1800,0.0,0.0,0.0,0.0
1801,0.0,0.0,0.0,0.0
1802,0.0,0.0,0.0,0.0
1803,0.0,0.0,0.0,0.0
1804,0.0,0.0,0.0,0.0
1805,0.0,0.0,0.0,0.0
1806,0.0,0.0,0.0,0.0
1807,0.0,0.0,0.0,0.0
1808,0.0,0.0,0.0,0.0
1809,0.0,0.0,0.0,0.0
1810,0.0,0.0,0.0,0.0
1811,0.0,0.0,0.0,0.0
1812,0.0,0.0,0.0,0.0
1813,0.0,0.0,0.0,0.0
1814,0.0,0.0,0.0,0.0
1815,0.0,0.0,0.0,0.0
1816,0.0,0.0,0.0,0.0
1817,0.0,0.0,0.0,0.0
1818,0.0,0.0,0.0,0.0
1819,0.0,0.0,0.0,0.0
1820,0.0,0.0,0.0,0.0
1821,0.0,0.0,0.0,0.0
1822,0.0,0.0,0.0,0.0
1823,0.0,0.0,0.0,0.0
1824,0.0,0.0,0.0,0.0
1825,0.0,0.0,0.0,0.0
1826,0.0,0.0,0.0,0.0
1827,0.0,0.0,0.0,0.0
1828,0.0,0.0,0.0,0.0
1829,0.0,0.0,0.0,0.0
1830,0.0,0.0,0.0,0.0
1831,0.0,0.0,0.0,0.0
1832,0.0,0.0,0.0,0.0
1833,0.0,0.0,0.0,0.0
1834,0.0,0.0,0.0,0.0
1835,0.0,0.0,0.0,0.0
1836,0.0,0.0,0.0,0.0
1837,0.0,0.0,0.0,0.0
1838,0.0,0.0,0.0,0.0
1839,0.0,0.0,0.0,0.0
1840,0.0,0.0,0.0,0.0
1841,0.0,0.0,0.0,0.0
1842,0.0,0.0,0.0,0.0
1843,0.0,0.0,0.0,0.0
1844,0.0,0.0,0.0,0.0
1845,0.0,0.0,0.0,0.0
1846,0.0,0.0,0.0,0.0
1847,0.0,0.0,0.0,0.0
1848,0.0,0.0,0.0,0.0
1849,0.0,0.0,0.0,0.0
1850,0.0,0.0,0.0,0.0
1851,0.0,0.0,0.0,0.0
1852,0.0,0.0,0.0,0.0
1853,0.0,0.0,0.0,0.0
1854,0.0,0.0,0.0,0.0
1855,0.0,0.0,0.0,0.0
1856,0.0,0.0,0.0,0.0
1857,0.0,0.0,0.0,0.0
1858,0.0,0.0,0.0,0.0
1859,0.0,0.0,0.0,0.0
1860,0.0,0.0,0.0,0.0
1861,0.0,0.0,0.0,0.0
1862,0.0,0.0,0.0,0.0
1863,0.0,0.0,0.0,0.0
1864,0.0,0.0,0.0,0.0
1865,0.0,0.0,0.0,0.0
1866,0.0,0.0,0.0,0.0
1867,0.0,0.0,0.0,0.0
1868,0.0,0.0,0.0,0.0
1869,0.0,0.0,0.0,0.0
1870,0.0,0.0,0.0,0.0
1871,0.0,0.0,0.0,0.0
1872,0.0,0.0,0.0,0.0
1873,0.0,0.0,0.0,0.0
1874,0.0,0.0,0.0,0.0
1875,0.0,0.0,0.0,0.0
1876,0.0,0.0,0.0,0.0
1877,0.0,0.0,0.0,0.0
1878,0.0,0.0,0.0,0.0
1879,0.0,0.0,0.0,0.0
1880,0.0,0.0,0.0,0.0
1881,0.0,0.0,0.0,0.0
1882,0.0,0.0,0.0,0.0
1883,0.0,0.0,0.0,0.0
1884,0.0,0.0,0.0,0.0
1885,0.0,0.0,0.0,0.0
1886,0.0,0.0,0.0,0.0
1887,0.0,0.0,0.0,0.0
1888,0.0,0.0,0.0,0.0
1889,0.0,0.0,0.0,0.0
1890,0.0,0.0,0.0,0.0
1891,0.0,0.0,0.0,0.0
1892,0.0,0.0,0.0,0.0
1893,0.0,0.0,0.0,0.0
1894,0.0,0.0,0.0,0.0
1895,0.0,0.0,0.0,0.0
1896,0.0,0.0,0.0,0.0
1897,0.0,0.0,0.0,0.0
1898,0.0,0.0,0.0,0.0
1899,0.0,0.0,0.0,0.0
1900,0.0,0.0,0.0,0.0
1901,0.0,0.0,0.0,0.0
1902,0.0,0.0,0.0,0.0
1903,0.0,0.0,0.0,0.0
1904,0.0,0.0,0.0,0.0
1905,0.0,0.0,0.0,0.0
1906,0.0,0.0,0.0,0.0
1907,0.0,0.0,0.0,0.0
1908,0.0,0.0,0.0,0.0
1909,0.0,0.0,0.0,0.0
1910,0.0,0.0,0.0,0.0
1911,0.0,0.0,0.0,0.0
1912,0.0,0.0,0.0,0.0
1913,0.0,0.0,0.0,0.0
1914,0.0,0.0,0.0,0.0
1915,0.0,0.0,0.0,0.0
1916,0.0,0.0,0.0,0.0
1917,0.0,0.0,0.0,0.0
1918,0.0,0.0,0.0,0.0
1919,0.0,0.0,0.0,0.0
1920,0.0,0.0,0.0,0.0
1921,0.0,0.0,0.0,0.0
1922,0.0,0.0,0.0,0.0
1923,0.0,0.0,0.0,0.0
1924,0.0,0.0,0.0,0.0
1925,0.0,0.0,0.0,0.0
1926,0.0,0.0,0.0,0.0
1927,0.0,0.0,0.0,0.0
1928,0.0,0.0,0.0,0.0
1929,0.0,0.0,0.0,0.0
1930,0.0,0.0,0.0,0.0
1931,0.0,0.0,0.0,0.0
1932,0.0,0.0,0.0,0.0
1933,0.0,0.0,0.0,0.0
1934,0.0,0.0,0.0,0.0
1935,0.0,0.0,0.0,0.0
1936,0.0,0.0,0.0,0.0
1937,0.0,0.0,0.0,0.0
1938,0.0,0.0,0.0,0.0
1939,0.0,0.0,0.0,0.0
1940,0.0,0.0,0.0,0.0
1941,0.0,0.0,0.0,0.0
1942,0.0,0.0,0.0,0.0
1943,0.0,0.0,0.0,0.0
1944,0.0,0.0,0.0,0.0
1945,0.0,0.0,0.0,0.0
1946,0.0,0.0,0.0,0.0
1947,0.0,0.0,0.0,0.0
1948,0.0,0.0,0.0,0.0
1949,0.0,0.0,0.0,0.0
1950,0.0,0.0,0.0,0.0
1951,0.0,0.0,0.0,0.0
1952,0.0,0.0,0.0,0.0
1953,0.0,0.0,0.0,0.0
1954,0.0,0.0,0.0,0.0
1955,0.0,0.0,0.0,0.0
1956,0.0,0.0,0.0,0.0
1957,0.0,0.0,0.0,0.0
1958,0.0,0.0,0.0,0.0
1959,0.0,0.0,0.0,0.0
1960,0.0,0.0,0.0,0.0
1961,0.0,0.0,0.0,0.0
1962,0.0,0.0,0.0,0.0
1963,0.0,0.0,0.0,0.0
1964,0.0,0.0,0.0,0.0
1965,0.0,0.0,0.0,0.0
1966,0.0,0.0,0.0,0.0
1967,0.0,0.0,0.0,0.0
1968,0.0,0.0,0.0,0.0
1969,0.0,0.0,0.0,0.0
1970,0.0,0.0,0.0,0.0
1971,0.0,0.0,0.0,0.0
1972,0.0,0.0,0.0,0.0
1973,0.0,0.0,0.0,0.0
1974,0.0,0.0,0.0,0.0
1975,0.0,0.0,0.0,0.0
1976,0.0,0.0,0.0,0.0
1977,0.0,0.0,0.0,0.0
1978,0.0,0.0,0.0,0.0
1979,0.0,0.0,0.0,0.0
1980,0.0,0.0,0.0,0.0
1981,0.0,0.0,0.0,0.0
1982,0.0,0.0,0.0,0.0
1983,0.0,0.0,0.0,0.0
1984,0.0,0.0,0.0,0.0
1985,0.0,0.0,0.0,0.0
1986,0.0,0.0,0.0,0.0
1987,0.0,0.0,0.0,0.0
1988,0.0,0.0,0.0,0.0
1989,0.0,0.0,0.0,0.0
1990,0.0,0.0,0.0,0.0
1991,0.0,0.0,0.0,0.0
1992,0.0,0.0,0.0,0.0
1993,0.0,0.0,0.0,0.0
1994,0.0,0.0,0.0,0.0
1995,0.0,0.0,0.0,0.0
1996,0.0,0.0,0.0,0.0
1997,0.0,0.0,0.0,0.0
1998,0.0,0.0,0.0,0.0
1999,0.0,0.0,0.0,0.0
